ID=0: tile map
ID	Index	X	Y	Width	Height
0	0	0	224	16	16
0	0	16	224	16	16
0	0	32	224	16	16
0	0	48	224	16	16
0	0	64	224	16	16
0	0	80	224	16	16
0	0	96	224	16	16
0	0	112	224	16	16
0	0	128	224	16	16
0	0	144	224	16	16
0	0	160	224	16	16
0	0	176	224	16	16
0	0	192	224	16	16
0	0	208	224	16	16
0	0	224	224	16	16
0	0	240	224	16	16
0	0	256	224	16	16
0	0	272	224	16	16
0	0	288	224	16	16
0	0	304	224	16	16
0	0	320	224	16	16
0	0	336	224	16	16
0	0	352	224	16	16
0	0	368	224	16	16
0	0	384	224	16	16
0	0	400	224	16	16
0	0	416	224	16	16
0	0	432	224	16	16
0	0	448	224	16	16
0	0	464	224	16	16
0	0	480	224	16	16
0	0	496	224	16	16
0	0	512	224	16	16
0	0	528	224	16	16
0	0	544	224	16	16
0	0	560	224	16	16
0	0	576	224	16	16
0	0	592	224	16	16
0	0	608	224	16	16
0	0	624	224	16	16
0	0	640	224	16	16
0	0	656	224	16	16
0	0	672	224	16	16
0	0	688	224	16	16
0	0	704	224	16	16
0	0	720	224	16	16
0	0	736	224	16	16
0	0	752	224	16	16
0	0	768	224	16	16
0	0	784	224	16	16
0	0	800	224	16	16
0	0	816	224	16	16
0	0	832	224	16	16
0	0	848	224	16	16
0	0	864	224	16	16
0	0	880	224	16	16
0	0	896	224	16	16
0	0	912	224	16	16
0	0	928	224	16	16
0	0	944	224	16	16
0	0	960	224	16	16
0	0	976	224	16	16
0	0	992	224	16	16
0	0	1008	224	16	16
0	0	1024	224	16	16
0	0	1040	224	16	16
0	0	1056	224	16	16
0	0	1072	224	16	16
0	0	1088	224	16	16
0	0	1104	224	16	16
0	0	1120	224	16	16
0	0	1136	224	16	16
0	0	1152	224	16	16
0	0	1168	224	16	16
0	0	1184	224	16	16
0	0	1200	224	16	16
0	0	1216	224	16	16
0	0	1232	224	16	16
0	0	1248	224	16	16
0	0	1264	224	16	16
0	0	1280	224	16	16
0	0	1296	224	16	16
0	0	1312	224	16	16
0	0	1328	224	16	16
0	0	1344	224	16	16
0	0	1360	224	16	16
0	0	1376	224	16	16
0	0	1392	224	16	16
0	0	1408	224	16	16
0	0	1424	224	16	16
0	0	1440	224	16	16
0	0	1456	224	16	16
0	0	1472	224	16	16
0	0	1488	224	16	16
0	0	1504	224	16	16
0	0	1520	224	16	16
0	0	1536	224	16	16
0	0	1552	224	16	16
0	0	1568	224	16	16
0	0	1584	224	16	16
0	0	1600	224	16	16
0	0	1616	224	16	16
0	0	1632	224	16	16
0	0	1648	224	16	16
0	0	1664	224	16	16
0	0	1680	224	16	16
0	0	1696	224	16	16
0	0	1712	224	16	16
0	0	1728	224	16	16
0	0	1744	224	16	16
0	0	1760	224	16	16
0	0	1776	224	16	16
0	0	1792	224	16	16
0	0	1808	224	16	16
0	0	1824	224	16	16
0	0	1840	224	16	16
0	0	1856	224	16	16
0	0	1872	224	16	16
0	0	1888	224	16	16
0	0	1904	224	16	16
0	0	1920	224	16	16
0	0	1936	224	16	16
0	0	1952	224	16	16
0	0	1968	224	16	16
0	0	1984	224	16	16
0	0	2000	224	16	16
0	0	2016	224	16	16
0	0	2032	224	16	16
0	0	2048	224	16	16
0	0	2064	224	16	16
0	0	2080	224	16	16
0	0	2096	224	16	16
0	0	2112	224	16	16
0	0	2128	224	16	16
0	0	2144	224	16	16
0	0	2160	224	16	16
0	0	2176	224	16	16
0	0	2192	224	16	16
0	0	2208	224	16	16
0	0	2224	224	16	16
0	0	2240	224	16	16
0	0	2256	224	16	16
0	0	2272	224	16	16
0	0	2288	224	16	16
0	0	2304	224	16	16
0	0	2320	224	16	16
0	0	2336	224	16	16
0	0	2352	224	16	16
0	0	2368	224	16	16
0	0	2384	224	16	16
0	0	2400	224	16	16
0	0	2416	224	16	16
0	0	2432	224	16	16
0	0	2448	224	16	16
0	0	2464	224	16	16
0	0	2480	224	16	16
0	0	2496	224	16	16
0	0	2512	224	16	16
0	0	2528	224	16	16
0	0	2544	224	16	16
0	0	2560	224	16	16
0	0	2576	224	16	16
0	0	2592	224	16	16
0	0	2608	224	16	16
0	0	2624	224	16	16
0	0	2640	224	16	16
0	0	2656	224	16	16
0	0	2672	224	16	16
0	0	2688	224	16	16
0	0	2704	224	16	16
0	0	2720	224	16	16
0	0	2736	224	16	16
0	0	2752	224	16	16
0	0	2768	224	16	16
0	0	2784	224	16	16
0	0	2800	224	16	16
0	0	2816	224	16	16
0	0	2832	224	16	16
0	0	2848	224	16	16
0	0	2864	224	16	16
0	0	2880	224	16	16
0	0	2896	224	16	16
0	0	2912	224	16	16
0	0	2928	224	16	16
0	0	2944	224	16	16
0	0	2960	224	16	16
0	0	2976	224	16	16
0	0	2992	224	16	16
0	0	3008	224	16	16
0	0	3024	224	16	16
0	0	3040	224	16	16
0	0	3056	224	16	16
0	0	3072	224	16	16
0	0	3088	224	16	16
0	0	3104	224	16	16
0	0	3120	224	16	16
0	0	3136	224	16	16
0	0	3152	224	16	16
0	0	3168	224	16	16
0	0	3184	224	16	16
0	0	3200	224	16	16
0	0	3216	224	16	16
0	0	3232	224	16	16
0	0	3248	224	16	16
0	0	3264	224	16	16
0	0	3280	224	16	16
0	0	3296	224	16	16
0	0	3312	224	16	16
0	1	3328	224	16	16
0	1	3344	224	16	16
0	1	3360	224	16	16
0	1	3376	224	16	16
0	1	3392	224	16	16
0	1	3408	224	16	16
0	1	3424	224	16	16
0	1	3440	224	16	16
0	1	3456	224	16	16
0	1	3472	224	16	16
0	1	3488	224	16	16
0	1	3504	224	16	16
0	1	3520	224	16	16
0	1	3536	224	16	16
0	1	3552	224	16	16
0	1	3568	224	16	16
0	0	0	208	16	16
0	0	16	208	16	16
0	0	32	208	16	16
0	0	48	208	16	16
0	0	64	208	16	16
0	0	80	208	16	16
0	0	96	208	16	16
0	0	112	208	16	16
0	0	128	208	16	16
0	0	144	208	16	16
0	0	160	208	16	16
0	0	176	208	16	16
0	0	192	208	16	16
0	0	208	208	16	16
0	0	224	208	16	16
0	0	240	208	16	16
0	0	256	208	16	16
0	0	272	208	16	16
0	0	288	208	16	16
0	0	304	208	16	16
0	0	320	208	16	16
0	0	336	208	16	16
0	0	352	208	16	16
0	0	368	208	16	16
0	0	384	208	16	16
0	0	400	208	16	16
0	0	416	208	16	16
0	0	432	208	16	16
0	0	448	208	16	16
0	0	464	208	16	16
0	0	480	208	16	16
0	0	496	208	16	16
0	0	512	208	16	16
0	0	528	208	16	16
0	0	544	208	16	16
0	0	560	208	16	16
0	0	576	208	16	16
0	0	592	208	16	16
0	0	608	208	16	16
0	0	624	208	16	16
0	0	640	208	16	16
0	0	656	208	16	16
0	0	672	208	16	16
0	0	688	208	16	16
0	0	704	208	16	16
0	0	720	208	16	16
0	0	736	208	16	16
0	0	752	208	16	16
0	0	768	208	16	16
0	0	784	208	16	16
0	0	800	208	16	16
0	0	816	208	16	16
0	0	832	208	16	16
0	0	848	208	16	16
0	0	864	208	16	16
0	0	880	208	16	16
0	0	896	208	16	16
0	0	912	208	16	16
0	0	928	208	16	16
0	0	944	208	16	16
0	0	960	208	16	16
0	0	976	208	16	16
0	0	992	208	16	16
0	0	1008	208	16	16
0	0	1024	208	16	16
0	0	1040	208	16	16
0	0	1056	208	16	16
0	0	1072	208	16	16
0	0	1088	208	16	16
0	0	1104	208	16	16
0	0	1120	208	16	16
0	0	1136	208	16	16
0	0	1152	208	16	16
0	0	1168	208	16	16
0	0	1184	208	16	16
0	0	1200	208	16	16
0	0	1216	208	16	16
0	0	1232	208	16	16
0	0	1248	208	16	16
0	0	1264	208	16	16
0	0	1280	208	16	16
0	0	1296	208	16	16
0	0	1312	208	16	16
0	0	1328	208	16	16
0	0	1344	208	16	16
0	0	1360	208	16	16
0	0	1376	208	16	16
0	0	1392	208	16	16
0	0	1408	208	16	16
0	0	1424	208	16	16
0	0	1440	208	16	16
0	0	1456	208	16	16
0	0	1472	208	16	16
0	0	1488	208	16	16
0	0	1504	208	16	16
0	0	1520	208	16	16
0	0	1536	208	16	16
0	0	1552	208	16	16
0	0	1568	208	16	16
0	0	1584	208	16	16
0	0	1600	208	16	16
0	0	1616	208	16	16
0	0	1632	208	16	16
0	0	1648	208	16	16
0	0	1664	208	16	16
0	0	1680	208	16	16
0	0	1696	208	16	16
0	0	1712	208	16	16
0	0	1728	208	16	16
0	0	1744	208	16	16
0	0	1760	208	16	16
0	0	1776	208	16	16
0	0	1792	208	16	16
0	0	1808	208	16	16
0	0	1824	208	16	16
0	0	1840	208	16	16
0	0	1856	208	16	16
0	0	1872	208	16	16
0	0	1888	208	16	16
0	0	1904	208	16	16
0	0	1920	208	16	16
0	0	1936	208	16	16
0	0	1952	208	16	16
0	0	1968	208	16	16
0	0	1984	208	16	16
0	0	2000	208	16	16
0	0	2016	208	16	16
0	0	2032	208	16	16
0	0	2048	208	16	16
0	0	2064	208	16	16
0	0	2080	208	16	16
0	0	2096	208	16	16
0	0	2112	208	16	16
0	0	2128	208	16	16
0	0	2144	208	16	16
0	0	2160	208	16	16
0	0	2176	208	16	16
0	0	2192	208	16	16
0	0	2208	208	16	16
0	0	2224	208	16	16
0	0	2240	208	16	16
0	0	2256	208	16	16
0	0	2272	208	16	16
0	0	2288	208	16	16
0	0	2304	208	16	16
0	0	2320	208	16	16
0	0	2336	208	16	16
0	0	2352	208	16	16
0	0	2368	208	16	16
0	0	2384	208	16	16
0	0	2400	208	16	16
0	0	2416	208	16	16
0	0	2432	208	16	16
0	0	2448	208	16	16
0	0	2464	208	16	16
0	0	2480	208	16	16
0	0	2496	208	16	16
0	0	2512	208	16	16
0	0	2528	208	16	16
0	0	2544	208	16	16
0	0	2560	208	16	16
0	0	2576	208	16	16
0	0	2592	208	16	16
0	0	2608	208	16	16
0	0	2624	208	16	16
0	0	2640	208	16	16
0	0	2656	208	16	16
0	0	2672	208	16	16
0	0	2688	208	16	16
0	0	2704	208	16	16
0	0	2720	208	16	16
0	0	2736	208	16	16
0	0	2752	208	16	16
0	0	2768	208	16	16
0	0	2784	208	16	16
0	0	2800	208	16	16
0	0	2816	208	16	16
0	0	2832	208	16	16
0	0	2848	208	16	16
0	0	2864	208	16	16
0	0	2880	208	16	16
0	0	2896	208	16	16
0	0	2912	208	16	16
0	0	2928	208	16	16
0	0	2944	208	16	16
0	0	2960	208	16	16
0	0	2976	208	16	16
0	0	2992	208	16	16
0	0	3008	208	16	16
0	0	3024	208	16	16
0	0	3040	208	16	16
0	0	3056	208	16	16
0	0	3072	208	16	16
0	0	3088	208	16	16
0	0	3104	208	16	16
0	0	3120	208	16	16
0	0	3136	208	16	16
0	0	3152	208	16	16
0	0	3168	208	16	16
0	0	3184	208	16	16
0	0	3200	208	16	16
0	0	3216	208	16	16
0	0	3232	208	16	16
0	0	3248	208	16	16
0	0	3264	208	16	16
0	0	3280	208	16	16
0	0	3296	208	16	16
0	0	3312	208	16	16
0	1	3328	208	16	16
0	1	3344	208	16	16
0	1	3360	208	16	16
0	1	3376	208	16	16
0	1	3392	208	16	16
0	1	3408	208	16	16
0	1	3424	208	16	16
0	1	3440	208	16	16
0	1	3456	208	16	16
0	1	3472	208	16	16
0	1	3488	208	16	16
0	1	3504	208	16	16
0	1	3520	208	16	16
0	1	3536	208	16	16
0	1	3552	208	16	16
0	1	3568	208	16	16
0	0	0	192	16	16
0	0	16	192	16	16
0	0	32	192	16	16
0	0	48	192	16	16
0	0	64	192	16	16
0	0	80	192	16	16
0	0	96	192	16	16
0	0	112	192	16	16
0	0	128	192	16	16
0	0	144	192	16	16
0	0	160	192	16	16
0	0	176	192	16	16
0	0	192	192	16	16
0	0	208	192	16	16
0	0	224	192	16	16
0	0	240	192	16	16
0	0	256	192	16	16
0	0	272	192	16	16
0	0	288	192	16	16
0	2	304	192	16	16
0	3	320	192	16	16
0	4	336	192	16	16
0	0	352	192	16	16
0	0	368	192	16	16
0	0	384	192	16	16
0	0	400	192	16	16
0	0	416	192	16	16
0	0	432	192	16	16
0	0	448	192	16	16
0	0	464	192	16	16
0	0	480	192	16	16
0	0	496	192	16	16
0	0	512	192	16	16
0	0	528	192	16	16
0	0	544	192	16	16
0	0	560	192	16	16
0	2	576	192	16	16
0	3	592	192	16	16
0	3	608	192	16	16
0	4	624	192	16	16
0	0	640	192	16	16
0	0	656	192	16	16
0	0	672	192	16	16
0	0	688	192	16	16
0	0	704	192	16	16
0	0	720	192	16	16
0	0	736	192	16	16
0	0	752	192	16	16
0	0	768	192	16	16
0	0	784	192	16	16
0	0	800	192	16	16
0	0	816	192	16	16
0	0	832	192	16	16
0	0	848	192	16	16
0	0	864	192	16	16
0	0	880	192	16	16
0	0	896	192	16	16
0	0	912	192	16	16
0	0	928	192	16	16
0	0	944	192	16	16
0	0	960	192	16	16
0	0	976	192	16	16
0	0	992	192	16	16
0	0	1008	192	16	16
0	0	1024	192	16	16
0	0	1040	192	16	16
0	0	1056	192	16	16
0	2	1072	192	16	16
0	3	1088	192	16	16
0	4	1104	192	16	16
0	0	1120	192	16	16
0	0	1136	192	16	16
0	0	1152	192	16	16
0	0	1168	192	16	16
0	0	1184	192	16	16
0	0	1200	192	16	16
0	0	1216	192	16	16
0	0	1232	192	16	16
0	0	1248	192	16	16
0	0	1264	192	16	16
0	0	1280	192	16	16
0	0	1296	192	16	16
0	0	1312	192	16	16
0	0	1328	192	16	16
0	2	1344	192	16	16
0	3	1360	192	16	16
0	3	1376	192	16	16
0	4	1392	192	16	16
0	0	1408	192	16	16
0	0	1424	192	16	16
0	0	1440	192	16	16
0	0	1456	192	16	16
0	0	1472	192	16	16
0	0	1488	192	16	16
0	0	1504	192	16	16
0	0	1520	192	16	16
0	0	1536	192	16	16
0	0	1552	192	16	16
0	0	1568	192	16	16
0	0	1584	192	16	16
0	0	1600	192	16	16
0	0	1616	192	16	16
0	0	1632	192	16	16
0	0	1648	192	16	16
0	0	1664	192	16	16
0	0	1680	192	16	16
0	0	1696	192	16	16
0	0	1712	192	16	16
0	0	1728	192	16	16
0	0	1744	192	16	16
0	0	1760	192	16	16
0	0	1776	192	16	16
0	0	1792	192	16	16
0	0	1808	192	16	16
0	0	1824	192	16	16
0	2	1840	192	16	16
0	3	1856	192	16	16
0	4	1872	192	16	16
0	0	1888	192	16	16
0	0	1904	192	16	16
0	0	1920	192	16	16
0	0	1936	192	16	16
0	0	1952	192	16	16
0	0	1968	192	16	16
0	0	1984	192	16	16
0	0	2000	192	16	16
0	0	2016	192	16	16
0	0	2032	192	16	16
0	0	2048	192	16	16
0	0	2064	192	16	16
0	0	2080	192	16	16
0	0	2096	192	16	16
0	2	2112	192	16	16
0	3	2128	192	16	16
0	3	2144	192	16	16
0	4	2160	192	16	16
0	0	2176	192	16	16
0	0	2192	192	16	16
0	0	2208	192	16	16
0	0	2224	192	16	16
0	0	2240	192	16	16
0	0	2256	192	16	16
0	0	2272	192	16	16
0	0	2288	192	16	16
0	0	2304	192	16	16
0	0	2320	192	16	16
0	0	2336	192	16	16
0	0	2352	192	16	16
0	0	2368	192	16	16
0	0	2384	192	16	16
0	0	2400	192	16	16
0	0	2416	192	16	16
0	0	2432	192	16	16
0	0	2448	192	16	16
0	0	2464	192	16	16
0	0	2480	192	16	16
0	0	2496	192	16	16
0	0	2512	192	16	16
0	0	2528	192	16	16
0	0	2544	192	16	16
0	0	2560	192	16	16
0	0	2576	192	16	16
0	0	2592	192	16	16
0	2	2608	192	16	16
0	3	2624	192	16	16
0	4	2640	192	16	16
0	0	2656	192	16	16
0	0	2672	192	16	16
0	0	2688	192	16	16
0	0	2704	192	16	16
0	0	2720	192	16	16
0	0	2736	192	16	16
0	0	2752	192	16	16
0	0	2768	192	16	16
0	0	2784	192	16	16
0	0	2800	192	16	16
0	0	2816	192	16	16
0	0	2832	192	16	16
0	0	2848	192	16	16
0	0	2864	192	16	16
0	2	2880	192	16	16
0	3	2896	192	16	16
0	3	2912	192	16	16
0	4	2928	192	16	16
0	0	2944	192	16	16
0	0	2960	192	16	16
0	0	2976	192	16	16
0	0	2992	192	16	16
0	0	3008	192	16	16
0	0	3024	192	16	16
0	0	3040	192	16	16
0	0	3056	192	16	16
0	0	3072	192	16	16
0	0	3088	192	16	16
0	0	3104	192	16	16
0	0	3120	192	16	16
0	0	3136	192	16	16
0	0	3152	192	16	16
0	5	3168	192	16	16
0	0	3184	192	16	16
0	0	3200	192	16	16
0	0	3216	192	16	16
0	0	3232	192	16	16
0	0	3248	192	16	16
0	0	3264	192	16	16
0	0	3280	192	16	16
0	0	3296	192	16	16
0	0	3312	192	16	16
0	6	3328	192	16	16
0	1	3344	192	16	16
0	1	3360	192	16	16
0	1	3376	192	16	16
0	6	3392	192	16	16
0	6	3408	192	16	16
0	6	3424	192	16	16
0	6	3440	192	16	16
0	6	3456	192	16	16
0	6	3472	192	16	16
0	6	3488	192	16	16
0	1	3504	192	16	16
0	1	3520	192	16	16
0	1	3536	192	16	16
0	1	3552	192	16	16
0	7	3568	192	16	16
0	0	0	176	16	16
0	0	16	176	16	16
0	0	32	176	16	16
0	0	48	176	16	16
0	0	64	176	16	16
0	0	80	176	16	16
0	0	96	176	16	16
0	0	112	176	16	16
0	2	128	176	16	16
0	3	144	176	16	16
0	4	160	176	16	16
0	0	176	176	16	16
0	0	192	176	16	16
0	0	208	176	16	16
0	0	224	176	16	16
0	0	240	176	16	16
0	0	256	176	16	16
0	0	272	176	16	16
0	0	288	176	16	16
0	8	304	176	16	16
0	9	320	176	16	16
0	10	336	176	16	16
0	0	352	176	16	16
0	0	368	176	16	16
0	0	384	176	16	16
0	0	400	176	16	16
0	0	416	176	16	16
0	2	432	176	16	16
0	3	448	176	16	16
0	3	464	176	16	16
0	3	480	176	16	16
0	4	496	176	16	16
0	0	512	176	16	16
0	0	528	176	16	16
0	0	544	176	16	16
0	0	560	176	16	16
0	8	576	176	16	16
0	9	592	176	16	16
0	9	608	176	16	16
0	10	624	176	16	16
0	0	640	176	16	16
0	0	656	176	16	16
0	0	672	176	16	16
0	0	688	176	16	16
0	0	704	176	16	16
0	0	720	176	16	16
0	0	736	176	16	16
0	0	752	176	16	16
0	0	768	176	16	16
0	0	784	176	16	16
0	0	800	176	16	16
0	0	816	176	16	16
0	0	832	176	16	16
0	0	848	176	16	16
0	0	864	176	16	16
0	0	880	176	16	16
0	2	896	176	16	16
0	3	912	176	16	16
0	4	928	176	16	16
0	0	944	176	16	16
0	0	960	176	16	16
0	0	976	176	16	16
0	0	992	176	16	16
0	0	1008	176	16	16
0	0	1024	176	16	16
0	0	1040	176	16	16
0	0	1056	176	16	16
0	8	1072	176	16	16
0	9	1088	176	16	16
0	10	1104	176	16	16
0	0	1120	176	16	16
0	0	1136	176	16	16
0	0	1152	176	16	16
0	0	1168	176	16	16
0	0	1184	176	16	16
0	2	1200	176	16	16
0	3	1216	176	16	16
0	3	1232	176	16	16
0	3	1248	176	16	16
0	4	1264	176	16	16
0	0	1280	176	16	16
0	0	1296	176	16	16
0	0	1312	176	16	16
0	0	1328	176	16	16
0	8	1344	176	16	16
0	9	1360	176	16	16
0	9	1376	176	16	16
0	10	1392	176	16	16
0	0	1408	176	16	16
0	0	1424	176	16	16
0	0	1440	176	16	16
0	0	1456	176	16	16
0	0	1472	176	16	16
0	0	1488	176	16	16
0	0	1504	176	16	16
0	0	1520	176	16	16
0	0	1536	176	16	16
0	0	1552	176	16	16
0	0	1568	176	16	16
0	0	1584	176	16	16
0	0	1600	176	16	16
0	0	1616	176	16	16
0	0	1632	176	16	16
0	0	1648	176	16	16
0	2	1664	176	16	16
0	3	1680	176	16	16
0	4	1696	176	16	16
0	0	1712	176	16	16
0	0	1728	176	16	16
0	0	1744	176	16	16
0	0	1760	176	16	16
0	0	1776	176	16	16
0	0	1792	176	16	16
0	0	1808	176	16	16
0	0	1824	176	16	16
0	8	1840	176	16	16
0	9	1856	176	16	16
0	10	1872	176	16	16
0	0	1888	176	16	16
0	0	1904	176	16	16
0	0	1920	176	16	16
0	0	1936	176	16	16
0	0	1952	176	16	16
0	2	1968	176	16	16
0	3	1984	176	16	16
0	3	2000	176	16	16
0	3	2016	176	16	16
0	4	2032	176	16	16
0	0	2048	176	16	16
0	0	2064	176	16	16
0	0	2080	176	16	16
0	0	2096	176	16	16
0	8	2112	176	16	16
0	9	2128	176	16	16
0	9	2144	176	16	16
0	10	2160	176	16	16
0	0	2176	176	16	16
0	0	2192	176	16	16
0	0	2208	176	16	16
0	0	2224	176	16	16
0	0	2240	176	16	16
0	0	2256	176	16	16
0	0	2272	176	16	16
0	0	2288	176	16	16
0	0	2304	176	16	16
0	0	2320	176	16	16
0	0	2336	176	16	16
0	0	2352	176	16	16
0	0	2368	176	16	16
0	0	2384	176	16	16
0	0	2400	176	16	16
0	0	2416	176	16	16
0	2	2432	176	16	16
0	3	2448	176	16	16
0	4	2464	176	16	16
0	0	2480	176	16	16
0	0	2496	176	16	16
0	0	2512	176	16	16
0	0	2528	176	16	16
0	0	2544	176	16	16
0	0	2560	176	16	16
0	0	2576	176	16	16
0	0	2592	176	16	16
0	8	2608	176	16	16
0	9	2624	176	16	16
0	10	2640	176	16	16
0	0	2656	176	16	16
0	0	2672	176	16	16
0	0	2688	176	16	16
0	0	2704	176	16	16
0	0	2720	176	16	16
0	2	2736	176	16	16
0	3	2752	176	16	16
0	3	2768	176	16	16
0	3	2784	176	16	16
0	4	2800	176	16	16
0	0	2816	176	16	16
0	0	2832	176	16	16
0	0	2848	176	16	16
0	0	2864	176	16	16
0	8	2880	176	16	16
0	9	2896	176	16	16
0	9	2912	176	16	16
0	10	2928	176	16	16
0	0	2944	176	16	16
0	0	2960	176	16	16
0	0	2976	176	16	16
0	0	2992	176	16	16
0	0	3008	176	16	16
0	0	3024	176	16	16
0	0	3040	176	16	16
0	0	3056	176	16	16
0	0	3072	176	16	16
0	0	3088	176	16	16
0	0	3104	176	16	16
0	0	3120	176	16	16
0	0	3136	176	16	16
0	11	3152	176	16	16
0	12	3168	176	16	16
0	0	3184	176	16	16
0	2	3200	176	16	16
0	3	3216	176	16	16
0	4	3232	176	16	16
0	0	3248	176	16	16
0	0	3264	176	16	16
0	0	3280	176	16	16
0	0	3296	176	16	16
0	0	3312	176	16	16
0	6	3328	176	16	16
0	1	3344	176	16	16
0	1	3360	176	16	16
0	1	3376	176	16	16
0	1	3392	176	16	16
0	1	3408	176	16	16
0	1	3424	176	16	16
0	1	3440	176	16	16
0	1	3456	176	16	16
0	1	3472	176	16	16
0	1	3488	176	16	16
0	1	3504	176	16	16
0	1	3520	176	16	16
0	1	3536	176	16	16
0	1	3552	176	16	16
0	7	3568	176	16	16
0	0	0	160	16	16
0	0	16	160	16	16
0	0	32	160	16	16
0	0	48	160	16	16
0	0	64	160	16	16
0	0	80	160	16	16
0	0	96	160	16	16
0	0	112	160	16	16
0	8	128	160	16	16
0	9	144	160	16	16
0	10	160	160	16	16
0	0	176	160	16	16
0	0	192	160	16	16
0	0	208	160	16	16
0	0	224	160	16	16
0	0	240	160	16	16
0	0	256	160	16	16
0	0	272	160	16	16
0	0	288	160	16	16
0	0	304	160	16	16
0	0	320	160	16	16
0	0	336	160	16	16
0	0	352	160	16	16
0	0	368	160	16	16
0	0	384	160	16	16
0	0	400	160	16	16
0	0	416	160	16	16
0	8	432	160	16	16
0	9	448	160	16	16
0	9	464	160	16	16
0	9	480	160	16	16
0	10	496	160	16	16
0	0	512	160	16	16
0	0	528	160	16	16
0	0	544	160	16	16
0	0	560	160	16	16
0	0	576	160	16	16
0	0	592	160	16	16
0	0	608	160	16	16
0	0	624	160	16	16
0	0	640	160	16	16
0	0	656	160	16	16
0	0	672	160	16	16
0	0	688	160	16	16
0	0	704	160	16	16
0	0	720	160	16	16
0	0	736	160	16	16
0	0	752	160	16	16
0	0	768	160	16	16
0	0	784	160	16	16
0	0	800	160	16	16
0	0	816	160	16	16
0	0	832	160	16	16
0	0	848	160	16	16
0	0	864	160	16	16
0	0	880	160	16	16
0	8	896	160	16	16
0	9	912	160	16	16
0	10	928	160	16	16
0	0	944	160	16	16
0	0	960	160	16	16
0	0	976	160	16	16
0	0	992	160	16	16
0	0	1008	160	16	16
0	0	1024	160	16	16
0	0	1040	160	16	16
0	0	1056	160	16	16
0	0	1072	160	16	16
0	0	1088	160	16	16
0	0	1104	160	16	16
0	0	1120	160	16	16
0	0	1136	160	16	16
0	0	1152	160	16	16
0	0	1168	160	16	16
0	0	1184	160	16	16
0	8	1200	160	16	16
0	9	1216	160	16	16
0	9	1232	160	16	16
0	9	1248	160	16	16
0	10	1264	160	16	16
0	0	1280	160	16	16
0	0	1296	160	16	16
0	0	1312	160	16	16
0	0	1328	160	16	16
0	0	1344	160	16	16
0	0	1360	160	16	16
0	0	1376	160	16	16
0	0	1392	160	16	16
0	0	1408	160	16	16
0	0	1424	160	16	16
0	0	1440	160	16	16
0	0	1456	160	16	16
0	0	1472	160	16	16
0	0	1488	160	16	16
0	0	1504	160	16	16
0	0	1520	160	16	16
0	0	1536	160	16	16
0	0	1552	160	16	16
0	0	1568	160	16	16
0	0	1584	160	16	16
0	0	1600	160	16	16
0	0	1616	160	16	16
0	0	1632	160	16	16
0	0	1648	160	16	16
0	8	1664	160	16	16
0	9	1680	160	16	16
0	10	1696	160	16	16
0	0	1712	160	16	16
0	0	1728	160	16	16
0	0	1744	160	16	16
0	0	1760	160	16	16
0	0	1776	160	16	16
0	0	1792	160	16	16
0	0	1808	160	16	16
0	0	1824	160	16	16
0	0	1840	160	16	16
0	0	1856	160	16	16
0	0	1872	160	16	16
0	0	1888	160	16	16
0	0	1904	160	16	16
0	0	1920	160	16	16
0	0	1936	160	16	16
0	0	1952	160	16	16
0	8	1968	160	16	16
0	9	1984	160	16	16
0	9	2000	160	16	16
0	9	2016	160	16	16
0	10	2032	160	16	16
0	0	2048	160	16	16
0	0	2064	160	16	16
0	0	2080	160	16	16
0	0	2096	160	16	16
0	0	2112	160	16	16
0	0	2128	160	16	16
0	0	2144	160	16	16
0	0	2160	160	16	16
0	0	2176	160	16	16
0	0	2192	160	16	16
0	0	2208	160	16	16
0	0	2224	160	16	16
0	0	2240	160	16	16
0	0	2256	160	16	16
0	0	2272	160	16	16
0	0	2288	160	16	16
0	0	2304	160	16	16
0	0	2320	160	16	16
0	0	2336	160	16	16
0	0	2352	160	16	16
0	0	2368	160	16	16
0	0	2384	160	16	16
0	0	2400	160	16	16
0	0	2416	160	16	16
0	8	2432	160	16	16
0	9	2448	160	16	16
0	10	2464	160	16	16
0	0	2480	160	16	16
0	0	2496	160	16	16
0	0	2512	160	16	16
0	0	2528	160	16	16
0	0	2544	160	16	16
0	0	2560	160	16	16
0	0	2576	160	16	16
0	0	2592	160	16	16
0	0	2608	160	16	16
0	0	2624	160	16	16
0	0	2640	160	16	16
0	0	2656	160	16	16
0	0	2672	160	16	16
0	0	2688	160	16	16
0	0	2704	160	16	16
0	0	2720	160	16	16
0	8	2736	160	16	16
0	9	2752	160	16	16
0	9	2768	160	16	16
0	9	2784	160	16	16
0	10	2800	160	16	16
0	0	2816	160	16	16
0	0	2832	160	16	16
0	0	2848	160	16	16
0	0	2864	160	16	16
0	0	2880	160	16	16
0	0	2896	160	16	16
0	0	2912	160	16	16
0	0	2928	160	16	16
0	0	2944	160	16	16
0	0	2960	160	16	16
0	0	2976	160	16	16
0	0	2992	160	16	16
0	0	3008	160	16	16
0	0	3024	160	16	16
0	0	3040	160	16	16
0	0	3056	160	16	16
0	0	3072	160	16	16
0	0	3088	160	16	16
0	0	3104	160	16	16
0	0	3120	160	16	16
0	0	3136	160	16	16
0	0	3152	160	16	16
0	13	3168	160	16	16
0	0	3184	160	16	16
0	8	3200	160	16	16
0	9	3216	160	16	16
0	10	3232	160	16	16
0	0	3248	160	16	16
0	0	3264	160	16	16
0	0	3280	160	16	16
0	0	3296	160	16	16
0	0	3312	160	16	16
0	6	3328	160	16	16
0	1	3344	160	16	16
0	1	3360	160	16	16
0	1	3376	160	16	16
0	1	3392	160	16	16
0	1	3408	160	16	16
0	1	3424	160	16	16
0	1	3440	160	16	16
0	1	3456	160	16	16
0	1	3472	160	16	16
0	1	3488	160	16	16
0	1	3504	160	16	16
0	1	3520	160	16	16
0	1	3536	160	16	16
0	1	3552	160	16	16
0	7	3568	160	16	16
0	0	0	144	16	16
0	0	16	144	16	16
0	0	32	144	16	16
0	0	48	144	16	16
0	0	64	144	16	16
0	0	80	144	16	16
0	0	96	144	16	16
0	0	112	144	16	16
0	0	128	144	16	16
0	0	144	144	16	16
0	0	160	144	16	16
0	0	176	144	16	16
0	0	192	144	16	16
0	0	208	144	16	16
0	0	224	144	16	16
0	0	240	144	16	16
0	0	256	144	16	16
0	0	272	144	16	16
0	0	288	144	16	16
0	0	304	144	16	16
0	0	320	144	16	16
0	0	336	144	16	16
0	0	352	144	16	16
0	0	368	144	16	16
0	0	384	144	16	16
0	0	400	144	16	16
0	0	416	144	16	16
0	0	432	144	16	16
0	0	448	144	16	16
0	0	464	144	16	16
0	0	480	144	16	16
0	0	496	144	16	16
0	0	512	144	16	16
0	0	528	144	16	16
0	0	544	144	16	16
0	0	560	144	16	16
0	0	576	144	16	16
0	0	592	144	16	16
0	0	608	144	16	16
0	0	624	144	16	16
0	0	640	144	16	16
0	0	656	144	16	16
0	0	672	144	16	16
0	0	688	144	16	16
0	0	704	144	16	16
0	0	720	144	16	16
0	0	736	144	16	16
0	0	752	144	16	16
0	0	768	144	16	16
0	0	784	144	16	16
0	0	800	144	16	16
0	0	816	144	16	16
0	0	832	144	16	16
0	0	848	144	16	16
0	0	864	144	16	16
0	0	880	144	16	16
0	0	896	144	16	16
0	0	912	144	16	16
0	0	928	144	16	16
0	0	944	144	16	16
0	0	960	144	16	16
0	0	976	144	16	16
0	0	992	144	16	16
0	0	1008	144	16	16
0	0	1024	144	16	16
0	0	1040	144	16	16
0	0	1056	144	16	16
0	0	1072	144	16	16
0	0	1088	144	16	16
0	0	1104	144	16	16
0	0	1120	144	16	16
0	0	1136	144	16	16
0	0	1152	144	16	16
0	0	1168	144	16	16
0	0	1184	144	16	16
0	0	1200	144	16	16
0	0	1216	144	16	16
0	0	1232	144	16	16
0	0	1248	144	16	16
0	0	1264	144	16	16
0	0	1280	144	16	16
0	0	1296	144	16	16
0	0	1312	144	16	16
0	0	1328	144	16	16
0	0	1344	144	16	16
0	0	1360	144	16	16
0	0	1376	144	16	16
0	0	1392	144	16	16
0	0	1408	144	16	16
0	0	1424	144	16	16
0	0	1440	144	16	16
0	0	1456	144	16	16
0	0	1472	144	16	16
0	0	1488	144	16	16
0	0	1504	144	16	16
0	0	1520	144	16	16
0	0	1536	144	16	16
0	0	1552	144	16	16
0	0	1568	144	16	16
0	0	1584	144	16	16
0	0	1600	144	16	16
0	0	1616	144	16	16
0	0	1632	144	16	16
0	0	1648	144	16	16
0	0	1664	144	16	16
0	0	1680	144	16	16
0	0	1696	144	16	16
0	0	1712	144	16	16
0	0	1728	144	16	16
0	0	1744	144	16	16
0	0	1760	144	16	16
0	0	1776	144	16	16
0	0	1792	144	16	16
0	0	1808	144	16	16
0	0	1824	144	16	16
0	0	1840	144	16	16
0	0	1856	144	16	16
0	0	1872	144	16	16
0	0	1888	144	16	16
0	0	1904	144	16	16
0	0	1920	144	16	16
0	0	1936	144	16	16
0	0	1952	144	16	16
0	0	1968	144	16	16
0	0	1984	144	16	16
0	0	2000	144	16	16
0	0	2016	144	16	16
0	0	2032	144	16	16
0	0	2048	144	16	16
0	0	2064	144	16	16
0	0	2080	144	16	16
0	0	2096	144	16	16
0	0	2112	144	16	16
0	0	2128	144	16	16
0	0	2144	144	16	16
0	0	2160	144	16	16
0	0	2176	144	16	16
0	0	2192	144	16	16
0	0	2208	144	16	16
0	0	2224	144	16	16
0	0	2240	144	16	16
0	0	2256	144	16	16
0	0	2272	144	16	16
0	0	2288	144	16	16
0	0	2304	144	16	16
0	0	2320	144	16	16
0	0	2336	144	16	16
0	0	2352	144	16	16
0	0	2368	144	16	16
0	0	2384	144	16	16
0	0	2400	144	16	16
0	0	2416	144	16	16
0	0	2432	144	16	16
0	0	2448	144	16	16
0	0	2464	144	16	16
0	0	2480	144	16	16
0	0	2496	144	16	16
0	0	2512	144	16	16
0	0	2528	144	16	16
0	0	2544	144	16	16
0	0	2560	144	16	16
0	0	2576	144	16	16
0	0	2592	144	16	16
0	0	2608	144	16	16
0	0	2624	144	16	16
0	0	2640	144	16	16
0	0	2656	144	16	16
0	0	2672	144	16	16
0	0	2688	144	16	16
0	0	2704	144	16	16
0	0	2720	144	16	16
0	0	2736	144	16	16
0	0	2752	144	16	16
0	0	2768	144	16	16
0	0	2784	144	16	16
0	0	2800	144	16	16
0	0	2816	144	16	16
0	0	2832	144	16	16
0	0	2848	144	16	16
0	0	2864	144	16	16
0	0	2880	144	16	16
0	0	2896	144	16	16
0	0	2912	144	16	16
0	0	2928	144	16	16
0	0	2944	144	16	16
0	0	2960	144	16	16
0	0	2976	144	16	16
0	0	2992	144	16	16
0	14	3008	144	16	16
0	14	3024	144	16	16
0	0	3040	144	16	16
0	0	3056	144	16	16
0	0	3072	144	16	16
0	0	3088	144	16	16
0	0	3104	144	16	16
0	0	3120	144	16	16
0	0	3136	144	16	16
0	0	3152	144	16	16
0	15	3168	144	16	16
0	0	3184	144	16	16
0	0	3200	144	16	16
0	0	3216	144	16	16
0	0	3232	144	16	16
0	0	3248	144	16	16
0	0	3264	144	16	16
0	0	3280	144	16	16
0	0	3296	144	16	16
0	0	3312	144	16	16
0	6	3328	144	16	16
0	1	3344	144	16	16
0	1	3360	144	16	16
0	1	3376	144	16	16
0	1	3392	144	16	16
0	16	3408	144	16	16
0	16	3424	144	16	16
0	16	3440	144	16	16
0	16	3456	144	16	16
0	16	3472	144	16	16
0	1	3488	144	16	16
0	1	3504	144	16	16
0	1	3520	144	16	16
0	1	3536	144	16	16
0	1	3552	144	16	16
0	7	3568	144	16	16
0	0	0	128	16	16
0	0	16	128	16	16
0	0	32	128	16	16
0	0	48	128	16	16
0	0	64	128	16	16
0	0	80	128	16	16
0	0	96	128	16	16
0	0	112	128	16	16
0	0	128	128	16	16
0	0	144	128	16	16
0	0	160	128	16	16
0	0	176	128	16	16
0	0	192	128	16	16
0	0	208	128	16	16
0	0	224	128	16	16
0	0	240	128	16	16
0	0	256	128	16	16
0	0	272	128	16	16
0	0	288	128	16	16
0	0	304	128	16	16
0	0	320	128	16	16
0	0	336	128	16	16
0	0	352	128	16	16
0	0	368	128	16	16
0	0	384	128	16	16
0	0	400	128	16	16
0	0	416	128	16	16
0	0	432	128	16	16
0	0	448	128	16	16
0	0	464	128	16	16
0	0	480	128	16	16
0	0	496	128	16	16
0	0	512	128	16	16
0	0	528	128	16	16
0	0	544	128	16	16
0	0	560	128	16	16
0	0	576	128	16	16
0	0	592	128	16	16
0	0	608	128	16	16
0	0	624	128	16	16
0	0	640	128	16	16
0	0	656	128	16	16
0	0	672	128	16	16
0	0	688	128	16	16
0	0	704	128	16	16
0	0	720	128	16	16
0	0	736	128	16	16
0	0	752	128	16	16
0	0	768	128	16	16
0	0	784	128	16	16
0	0	800	128	16	16
0	0	816	128	16	16
0	0	832	128	16	16
0	0	848	128	16	16
0	0	864	128	16	16
0	0	880	128	16	16
0	0	896	128	16	16
0	0	912	128	16	16
0	0	928	128	16	16
0	0	944	128	16	16
0	0	960	128	16	16
0	0	976	128	16	16
0	0	992	128	16	16
0	0	1008	128	16	16
0	0	1024	128	16	16
0	0	1040	128	16	16
0	0	1056	128	16	16
0	0	1072	128	16	16
0	0	1088	128	16	16
0	0	1104	128	16	16
0	0	1120	128	16	16
0	0	1136	128	16	16
0	0	1152	128	16	16
0	0	1168	128	16	16
0	0	1184	128	16	16
0	0	1200	128	16	16
0	0	1216	128	16	16
0	0	1232	128	16	16
0	0	1248	128	16	16
0	0	1264	128	16	16
0	0	1280	128	16	16
0	0	1296	128	16	16
0	0	1312	128	16	16
0	0	1328	128	16	16
0	0	1344	128	16	16
0	0	1360	128	16	16
0	0	1376	128	16	16
0	0	1392	128	16	16
0	0	1408	128	16	16
0	0	1424	128	16	16
0	0	1440	128	16	16
0	0	1456	128	16	16
0	0	1472	128	16	16
0	0	1488	128	16	16
0	0	1504	128	16	16
0	0	1520	128	16	16
0	0	1536	128	16	16
0	0	1552	128	16	16
0	0	1568	128	16	16
0	0	1584	128	16	16
0	0	1600	128	16	16
0	0	1616	128	16	16
0	0	1632	128	16	16
0	0	1648	128	16	16
0	0	1664	128	16	16
0	0	1680	128	16	16
0	0	1696	128	16	16
0	0	1712	128	16	16
0	0	1728	128	16	16
0	0	1744	128	16	16
0	0	1760	128	16	16
0	0	1776	128	16	16
0	0	1792	128	16	16
0	0	1808	128	16	16
0	0	1824	128	16	16
0	0	1840	128	16	16
0	0	1856	128	16	16
0	0	1872	128	16	16
0	0	1888	128	16	16
0	0	1904	128	16	16
0	0	1920	128	16	16
0	0	1936	128	16	16
0	0	1952	128	16	16
0	0	1968	128	16	16
0	0	1984	128	16	16
0	0	2000	128	16	16
0	0	2016	128	16	16
0	0	2032	128	16	16
0	0	2048	128	16	16
0	0	2064	128	16	16
0	0	2080	128	16	16
0	0	2096	128	16	16
0	0	2112	128	16	16
0	0	2128	128	16	16
0	0	2144	128	16	16
0	0	2160	128	16	16
0	0	2176	128	16	16
0	0	2192	128	16	16
0	0	2208	128	16	16
0	0	2224	128	16	16
0	0	2240	128	16	16
0	0	2256	128	16	16
0	0	2272	128	16	16
0	0	2288	128	16	16
0	0	2304	128	16	16
0	0	2320	128	16	16
0	0	2336	128	16	16
0	0	2352	128	16	16
0	0	2368	128	16	16
0	0	2384	128	16	16
0	0	2400	128	16	16
0	0	2416	128	16	16
0	0	2432	128	16	16
0	0	2448	128	16	16
0	0	2464	128	16	16
0	0	2480	128	16	16
0	0	2496	128	16	16
0	0	2512	128	16	16
0	0	2528	128	16	16
0	0	2544	128	16	16
0	0	2560	128	16	16
0	0	2576	128	16	16
0	0	2592	128	16	16
0	0	2608	128	16	16
0	0	2624	128	16	16
0	0	2640	128	16	16
0	0	2656	128	16	16
0	0	2672	128	16	16
0	0	2688	128	16	16
0	0	2704	128	16	16
0	0	2720	128	16	16
0	0	2736	128	16	16
0	0	2752	128	16	16
0	0	2768	128	16	16
0	0	2784	128	16	16
0	0	2800	128	16	16
0	0	2816	128	16	16
0	0	2832	128	16	16
0	0	2848	128	16	16
0	0	2864	128	16	16
0	0	2880	128	16	16
0	0	2896	128	16	16
0	0	2912	128	16	16
0	0	2928	128	16	16
0	0	2944	128	16	16
0	0	2960	128	16	16
0	0	2976	128	16	16
0	14	2992	128	16	16
0	14	3008	128	16	16
0	14	3024	128	16	16
0	0	3040	128	16	16
0	0	3056	128	16	16
0	0	3072	128	16	16
0	0	3088	128	16	16
0	0	3104	128	16	16
0	0	3120	128	16	16
0	0	3136	128	16	16
0	0	3152	128	16	16
0	15	3168	128	16	16
0	0	3184	128	16	16
0	0	3200	128	16	16
0	0	3216	128	16	16
0	0	3232	128	16	16
0	0	3248	128	16	16
0	0	3264	128	16	16
0	0	3280	128	16	16
0	0	3296	128	16	16
0	0	3312	128	16	16
0	6	3328	128	16	16
0	1	3344	128	16	16
0	1	3360	128	16	16
0	1	3376	128	16	16
0	1	3392	128	16	16
0	1	3408	128	16	16
0	1	3424	128	16	16
0	1	3440	128	16	16
0	1	3456	128	16	16
0	1	3472	128	16	16
0	1	3488	128	16	16
0	1	3504	128	16	16
0	1	3520	128	16	16
0	1	3536	128	16	16
0	1	3552	128	16	16
0	7	3568	128	16	16
0	0	0	112	16	16
0	0	16	112	16	16
0	0	32	112	16	16
0	0	48	112	16	16
0	0	64	112	16	16
0	0	80	112	16	16
0	0	96	112	16	16
0	0	112	112	16	16
0	0	128	112	16	16
0	0	144	112	16	16
0	0	160	112	16	16
0	0	176	112	16	16
0	0	192	112	16	16
0	0	208	112	16	16
0	0	224	112	16	16
0	0	240	112	16	16
0	0	256	112	16	16
0	0	272	112	16	16
0	0	288	112	16	16
0	0	304	112	16	16
0	0	320	112	16	16
0	0	336	112	16	16
0	0	352	112	16	16
0	0	368	112	16	16
0	0	384	112	16	16
0	0	400	112	16	16
0	0	416	112	16	16
0	0	432	112	16	16
0	0	448	112	16	16
0	0	464	112	16	16
0	0	480	112	16	16
0	0	496	112	16	16
0	0	512	112	16	16
0	0	528	112	16	16
0	0	544	112	16	16
0	0	560	112	16	16
0	0	576	112	16	16
0	0	592	112	16	16
0	0	608	112	16	16
0	0	624	112	16	16
0	0	640	112	16	16
0	0	656	112	16	16
0	0	672	112	16	16
0	0	688	112	16	16
0	0	704	112	16	16
0	0	720	112	16	16
0	0	736	112	16	16
0	0	752	112	16	16
0	0	768	112	16	16
0	0	784	112	16	16
0	0	800	112	16	16
0	0	816	112	16	16
0	0	832	112	16	16
0	0	848	112	16	16
0	0	864	112	16	16
0	0	880	112	16	16
0	0	896	112	16	16
0	0	912	112	16	16
0	0	928	112	16	16
0	0	944	112	16	16
0	0	960	112	16	16
0	0	976	112	16	16
0	0	992	112	16	16
0	0	1008	112	16	16
0	0	1024	112	16	16
0	0	1040	112	16	16
0	0	1056	112	16	16
0	0	1072	112	16	16
0	0	1088	112	16	16
0	0	1104	112	16	16
0	0	1120	112	16	16
0	0	1136	112	16	16
0	0	1152	112	16	16
0	0	1168	112	16	16
0	0	1184	112	16	16
0	0	1200	112	16	16
0	0	1216	112	16	16
0	0	1232	112	16	16
0	0	1248	112	16	16
0	0	1264	112	16	16
0	0	1280	112	16	16
0	0	1296	112	16	16
0	0	1312	112	16	16
0	0	1328	112	16	16
0	0	1344	112	16	16
0	0	1360	112	16	16
0	0	1376	112	16	16
0	0	1392	112	16	16
0	0	1408	112	16	16
0	0	1424	112	16	16
0	0	1440	112	16	16
0	0	1456	112	16	16
0	0	1472	112	16	16
0	0	1488	112	16	16
0	0	1504	112	16	16
0	0	1520	112	16	16
0	0	1536	112	16	16
0	0	1552	112	16	16
0	0	1568	112	16	16
0	0	1584	112	16	16
0	0	1600	112	16	16
0	0	1616	112	16	16
0	0	1632	112	16	16
0	0	1648	112	16	16
0	0	1664	112	16	16
0	0	1680	112	16	16
0	0	1696	112	16	16
0	0	1712	112	16	16
0	0	1728	112	16	16
0	0	1744	112	16	16
0	0	1760	112	16	16
0	0	1776	112	16	16
0	0	1792	112	16	16
0	0	1808	112	16	16
0	0	1824	112	16	16
0	0	1840	112	16	16
0	0	1856	112	16	16
0	0	1872	112	16	16
0	0	1888	112	16	16
0	0	1904	112	16	16
0	0	1920	112	16	16
0	0	1936	112	16	16
0	0	1952	112	16	16
0	0	1968	112	16	16
0	0	1984	112	16	16
0	0	2000	112	16	16
0	0	2016	112	16	16
0	0	2032	112	16	16
0	0	2048	112	16	16
0	0	2064	112	16	16
0	0	2080	112	16	16
0	0	2096	112	16	16
0	0	2112	112	16	16
0	0	2128	112	16	16
0	0	2144	112	16	16
0	0	2160	112	16	16
0	0	2176	112	16	16
0	0	2192	112	16	16
0	0	2208	112	16	16
0	0	2224	112	16	16
0	0	2240	112	16	16
0	0	2256	112	16	16
0	0	2272	112	16	16
0	0	2288	112	16	16
0	0	2304	112	16	16
0	0	2320	112	16	16
0	0	2336	112	16	16
0	0	2352	112	16	16
0	0	2368	112	16	16
0	0	2384	112	16	16
0	0	2400	112	16	16
0	0	2416	112	16	16
0	0	2432	112	16	16
0	0	2448	112	16	16
0	0	2464	112	16	16
0	0	2480	112	16	16
0	0	2496	112	16	16
0	0	2512	112	16	16
0	0	2528	112	16	16
0	0	2544	112	16	16
0	0	2560	112	16	16
0	0	2576	112	16	16
0	0	2592	112	16	16
0	0	2608	112	16	16
0	0	2624	112	16	16
0	0	2640	112	16	16
0	0	2656	112	16	16
0	0	2672	112	16	16
0	0	2688	112	16	16
0	0	2704	112	16	16
0	0	2720	112	16	16
0	0	2736	112	16	16
0	0	2752	112	16	16
0	0	2768	112	16	16
0	0	2784	112	16	16
0	0	2800	112	16	16
0	0	2816	112	16	16
0	0	2832	112	16	16
0	0	2848	112	16	16
0	0	2864	112	16	16
0	0	2880	112	16	16
0	0	2896	112	16	16
0	0	2912	112	16	16
0	0	2928	112	16	16
0	0	2944	112	16	16
0	0	2960	112	16	16
0	14	2976	112	16	16
0	14	2992	112	16	16
0	14	3008	112	16	16
0	14	3024	112	16	16
0	0	3040	112	16	16
0	0	3056	112	16	16
0	0	3072	112	16	16
0	0	3088	112	16	16
0	0	3104	112	16	16
0	0	3120	112	16	16
0	0	3136	112	16	16
0	0	3152	112	16	16
0	15	3168	112	16	16
0	0	3184	112	16	16
0	0	3200	112	16	16
0	0	3216	112	16	16
0	0	3232	112	16	16
0	0	3248	112	16	16
0	0	3264	112	16	16
0	0	3280	112	16	16
0	0	3296	112	16	16
0	0	3312	112	16	16
0	6	3328	112	16	16
0	1	3344	112	16	16
0	1	3360	112	16	16
0	1	3376	112	16	16
0	16	3392	112	16	16
0	16	3408	112	16	16
0	16	3424	112	16	16
0	16	3440	112	16	16
0	16	3456	112	16	16
0	16	3472	112	16	16
0	16	3488	112	16	16
0	1	3504	112	16	16
0	1	3520	112	16	16
0	1	3536	112	16	16
0	1	3552	112	16	16
0	7	3568	112	16	16
0	0	0	96	16	16
0	0	16	96	16	16
0	0	32	96	16	16
0	0	48	96	16	16
0	0	64	96	16	16
0	0	80	96	16	16
0	0	96	96	16	16
0	0	112	96	16	16
0	0	128	96	16	16
0	0	144	96	16	16
0	0	160	96	16	16
0	0	176	96	16	16
0	0	192	96	16	16
0	0	208	96	16	16
0	0	224	96	16	16
0	0	240	96	16	16
0	0	256	96	16	16
0	0	272	96	16	16
0	0	288	96	16	16
0	0	304	96	16	16
0	0	320	96	16	16
0	0	336	96	16	16
0	0	352	96	16	16
0	0	368	96	16	16
0	0	384	96	16	16
0	0	400	96	16	16
0	0	416	96	16	16
0	0	432	96	16	16
0	0	448	96	16	16
0	0	464	96	16	16
0	0	480	96	16	16
0	0	496	96	16	16
0	0	512	96	16	16
0	0	528	96	16	16
0	0	544	96	16	16
0	0	560	96	16	16
0	0	576	96	16	16
0	0	592	96	16	16
0	0	608	96	16	16
0	0	624	96	16	16
0	0	640	96	16	16
0	0	656	96	16	16
0	0	672	96	16	16
0	0	688	96	16	16
0	0	704	96	16	16
0	0	720	96	16	16
0	0	736	96	16	16
0	0	752	96	16	16
0	0	768	96	16	16
0	0	784	96	16	16
0	0	800	96	16	16
0	0	816	96	16	16
0	0	832	96	16	16
0	0	848	96	16	16
0	0	864	96	16	16
0	0	880	96	16	16
0	0	896	96	16	16
0	0	912	96	16	16
0	0	928	96	16	16
0	0	944	96	16	16
0	0	960	96	16	16
0	0	976	96	16	16
0	0	992	96	16	16
0	0	1008	96	16	16
0	0	1024	96	16	16
0	0	1040	96	16	16
0	0	1056	96	16	16
0	0	1072	96	16	16
0	0	1088	96	16	16
0	0	1104	96	16	16
0	0	1120	96	16	16
0	0	1136	96	16	16
0	0	1152	96	16	16
0	0	1168	96	16	16
0	0	1184	96	16	16
0	0	1200	96	16	16
0	0	1216	96	16	16
0	0	1232	96	16	16
0	0	1248	96	16	16
0	0	1264	96	16	16
0	0	1280	96	16	16
0	0	1296	96	16	16
0	0	1312	96	16	16
0	0	1328	96	16	16
0	0	1344	96	16	16
0	0	1360	96	16	16
0	0	1376	96	16	16
0	0	1392	96	16	16
0	0	1408	96	16	16
0	0	1424	96	16	16
0	0	1440	96	16	16
0	0	1456	96	16	16
0	0	1472	96	16	16
0	0	1488	96	16	16
0	0	1504	96	16	16
0	0	1520	96	16	16
0	0	1536	96	16	16
0	0	1552	96	16	16
0	0	1568	96	16	16
0	0	1584	96	16	16
0	0	1600	96	16	16
0	0	1616	96	16	16
0	0	1632	96	16	16
0	0	1648	96	16	16
0	0	1664	96	16	16
0	0	1680	96	16	16
0	0	1696	96	16	16
0	0	1712	96	16	16
0	0	1728	96	16	16
0	0	1744	96	16	16
0	0	1760	96	16	16
0	0	1776	96	16	16
0	0	1792	96	16	16
0	0	1808	96	16	16
0	0	1824	96	16	16
0	0	1840	96	16	16
0	0	1856	96	16	16
0	0	1872	96	16	16
0	0	1888	96	16	16
0	0	1904	96	16	16
0	0	1920	96	16	16
0	0	1936	96	16	16
0	0	1952	96	16	16
0	0	1968	96	16	16
0	0	1984	96	16	16
0	0	2000	96	16	16
0	0	2016	96	16	16
0	0	2032	96	16	16
0	0	2048	96	16	16
0	0	2064	96	16	16
0	0	2080	96	16	16
0	0	2096	96	16	16
0	0	2112	96	16	16
0	0	2128	96	16	16
0	0	2144	96	16	16
0	0	2160	96	16	16
0	0	2176	96	16	16
0	0	2192	96	16	16
0	0	2208	96	16	16
0	0	2224	96	16	16
0	0	2240	96	16	16
0	0	2256	96	16	16
0	0	2272	96	16	16
0	0	2288	96	16	16
0	0	2304	96	16	16
0	0	2320	96	16	16
0	0	2336	96	16	16
0	0	2352	96	16	16
0	0	2368	96	16	16
0	0	2384	96	16	16
0	0	2400	96	16	16
0	0	2416	96	16	16
0	0	2432	96	16	16
0	0	2448	96	16	16
0	0	2464	96	16	16
0	0	2480	96	16	16
0	0	2496	96	16	16
0	0	2512	96	16	16
0	0	2528	96	16	16
0	0	2544	96	16	16
0	0	2560	96	16	16
0	0	2576	96	16	16
0	0	2592	96	16	16
0	0	2608	96	16	16
0	0	2624	96	16	16
0	0	2640	96	16	16
0	0	2656	96	16	16
0	0	2672	96	16	16
0	0	2688	96	16	16
0	0	2704	96	16	16
0	0	2720	96	16	16
0	0	2736	96	16	16
0	0	2752	96	16	16
0	0	2768	96	16	16
0	0	2784	96	16	16
0	0	2800	96	16	16
0	0	2816	96	16	16
0	0	2832	96	16	16
0	0	2848	96	16	16
0	0	2864	96	16	16
0	0	2880	96	16	16
0	0	2896	96	16	16
0	0	2912	96	16	16
0	0	2928	96	16	16
0	0	2944	96	16	16
0	14	2960	96	16	16
0	14	2976	96	16	16
0	14	2992	96	16	16
0	14	3008	96	16	16
0	14	3024	96	16	16
0	0	3040	96	16	16
0	0	3056	96	16	16
0	0	3072	96	16	16
0	0	3088	96	16	16
0	0	3104	96	16	16
0	0	3120	96	16	16
0	0	3136	96	16	16
0	0	3152	96	16	16
0	15	3168	96	16	16
0	0	3184	96	16	16
0	0	3200	96	16	16
0	0	3216	96	16	16
0	0	3232	96	16	16
0	17	3248	96	16	16
0	17	3264	96	16	16
0	17	3280	96	16	16
0	0	3296	96	16	16
0	0	3312	96	16	16
0	6	3328	96	16	16
0	1	3344	96	16	16
0	1	3360	96	16	16
0	1	3376	96	16	16
0	1	3392	96	16	16
0	1	3408	96	16	16
0	1	3424	96	16	16
0	1	3440	96	16	16
0	1	3456	96	16	16
0	1	3472	96	16	16
0	1	3488	96	16	16
0	1	3504	96	16	16
0	1	3520	96	16	16
0	1	3536	96	16	16
0	1	3552	96	16	16
0	7	3568	96	16	16
0	0	0	80	16	16
0	0	16	80	16	16
0	0	32	80	16	16
0	0	48	80	16	16
0	0	64	80	16	16
0	0	80	80	16	16
0	0	96	80	16	16
0	0	112	80	16	16
0	0	128	80	16	16
0	0	144	80	16	16
0	0	160	80	16	16
0	0	176	80	16	16
0	0	192	80	16	16
0	0	208	80	16	16
0	0	224	80	16	16
0	0	240	80	16	16
0	0	256	80	16	16
0	0	272	80	16	16
0	0	288	80	16	16
0	0	304	80	16	16
0	0	320	80	16	16
0	0	336	80	16	16
0	0	352	80	16	16
0	0	368	80	16	16
0	0	384	80	16	16
0	0	400	80	16	16
0	0	416	80	16	16
0	0	432	80	16	16
0	0	448	80	16	16
0	0	464	80	16	16
0	0	480	80	16	16
0	0	496	80	16	16
0	0	512	80	16	16
0	0	528	80	16	16
0	0	544	80	16	16
0	0	560	80	16	16
0	0	576	80	16	16
0	0	592	80	16	16
0	0	608	80	16	16
0	0	624	80	16	16
0	0	640	80	16	16
0	0	656	80	16	16
0	0	672	80	16	16
0	0	688	80	16	16
0	0	704	80	16	16
0	0	720	80	16	16
0	18	736	80	16	16
0	19	752	80	16	16
0	0	768	80	16	16
0	0	784	80	16	16
0	0	800	80	16	16
0	0	816	80	16	16
0	0	832	80	16	16
0	0	848	80	16	16
0	0	864	80	16	16
0	0	880	80	16	16
0	0	896	80	16	16
0	18	912	80	16	16
0	19	928	80	16	16
0	0	944	80	16	16
0	0	960	80	16	16
0	0	976	80	16	16
0	0	992	80	16	16
0	0	1008	80	16	16
0	0	1024	80	16	16
0	0	1040	80	16	16
0	0	1056	80	16	16
0	0	1072	80	16	16
0	0	1088	80	16	16
0	0	1104	80	16	16
0	0	1120	80	16	16
0	0	1136	80	16	16
0	0	1152	80	16	16
0	0	1168	80	16	16
0	0	1184	80	16	16
0	0	1200	80	16	16
0	0	1216	80	16	16
0	0	1232	80	16	16
0	0	1248	80	16	16
0	0	1264	80	16	16
0	0	1280	80	16	16
0	0	1296	80	16	16
0	0	1312	80	16	16
0	0	1328	80	16	16
0	0	1344	80	16	16
0	0	1360	80	16	16
0	0	1376	80	16	16
0	0	1392	80	16	16
0	0	1408	80	16	16
0	0	1424	80	16	16
0	0	1440	80	16	16
0	0	1456	80	16	16
0	0	1472	80	16	16
0	0	1488	80	16	16
0	0	1504	80	16	16
0	0	1520	80	16	16
0	0	1536	80	16	16
0	0	1552	80	16	16
0	0	1568	80	16	16
0	0	1584	80	16	16
0	0	1600	80	16	16
0	0	1616	80	16	16
0	0	1632	80	16	16
0	0	1648	80	16	16
0	0	1664	80	16	16
0	0	1680	80	16	16
0	0	1696	80	16	16
0	0	1712	80	16	16
0	0	1728	80	16	16
0	0	1744	80	16	16
0	0	1760	80	16	16
0	0	1776	80	16	16
0	0	1792	80	16	16
0	0	1808	80	16	16
0	0	1824	80	16	16
0	0	1840	80	16	16
0	0	1856	80	16	16
0	0	1872	80	16	16
0	0	1888	80	16	16
0	0	1904	80	16	16
0	0	1920	80	16	16
0	0	1936	80	16	16
0	0	1952	80	16	16
0	0	1968	80	16	16
0	0	1984	80	16	16
0	0	2000	80	16	16
0	0	2016	80	16	16
0	0	2032	80	16	16
0	0	2048	80	16	16
0	0	2064	80	16	16
0	0	2080	80	16	16
0	0	2096	80	16	16
0	0	2112	80	16	16
0	0	2128	80	16	16
0	0	2144	80	16	16
0	0	2160	80	16	16
0	0	2176	80	16	16
0	14	2192	80	16	16
0	0	2208	80	16	16
0	0	2224	80	16	16
0	14	2240	80	16	16
0	0	2256	80	16	16
0	0	2272	80	16	16
0	0	2288	80	16	16
0	0	2304	80	16	16
0	0	2320	80	16	16
0	0	2336	80	16	16
0	0	2352	80	16	16
0	0	2368	80	16	16
0	0	2384	80	16	16
0	0	2400	80	16	16
0	14	2416	80	16	16
0	14	2432	80	16	16
0	0	2448	80	16	16
0	0	2464	80	16	16
0	14	2480	80	16	16
0	0	2496	80	16	16
0	0	2512	80	16	16
0	0	2528	80	16	16
0	0	2544	80	16	16
0	0	2560	80	16	16
0	0	2576	80	16	16
0	0	2592	80	16	16
0	0	2608	80	16	16
0	0	2624	80	16	16
0	0	2640	80	16	16
0	0	2656	80	16	16
0	0	2672	80	16	16
0	0	2688	80	16	16
0	0	2704	80	16	16
0	0	2720	80	16	16
0	0	2736	80	16	16
0	0	2752	80	16	16
0	0	2768	80	16	16
0	0	2784	80	16	16
0	0	2800	80	16	16
0	0	2816	80	16	16
0	0	2832	80	16	16
0	0	2848	80	16	16
0	0	2864	80	16	16
0	0	2880	80	16	16
0	0	2896	80	16	16
0	0	2912	80	16	16
0	0	2928	80	16	16
0	14	2944	80	16	16
0	14	2960	80	16	16
0	14	2976	80	16	16
0	14	2992	80	16	16
0	14	3008	80	16	16
0	14	3024	80	16	16
0	0	3040	80	16	16
0	0	3056	80	16	16
0	0	3072	80	16	16
0	0	3088	80	16	16
0	0	3104	80	16	16
0	0	3120	80	16	16
0	0	3136	80	16	16
0	0	3152	80	16	16
0	15	3168	80	16	16
0	0	3184	80	16	16
0	0	3200	80	16	16
0	0	3216	80	16	16
0	0	3232	80	16	16
0	20	3248	80	16	16
0	21	3264	80	16	16
0	22	3280	80	16	16
0	0	3296	80	16	16
0	0	3312	80	16	16
0	6	3328	80	16	16
0	1	3344	80	16	16
0	1	3360	80	16	16
0	1	3376	80	16	16
0	16	3392	80	16	16
0	16	3408	80	16	16
0	16	3424	80	16	16
0	16	3440	80	16	16
0	16	3456	80	16	16
0	16	3472	80	16	16
0	16	3488	80	16	16
0	1	3504	80	16	16
0	1	3520	80	16	16
0	1	3536	80	16	16
0	1	3552	80	16	16
0	7	3568	80	16	16
0	0	0	64	16	16
0	0	16	64	16	16
0	23	32	64	16	16
0	0	48	64	16	16
0	0	64	64	16	16
0	0	80	64	16	16
0	0	96	64	16	16
0	0	112	64	16	16
0	0	128	64	16	16
0	0	144	64	16	16
0	0	160	64	16	16
0	0	176	64	16	16
0	0	192	64	16	16
0	0	208	64	16	16
0	0	224	64	16	16
0	0	240	64	16	16
0	0	256	64	16	16
0	0	272	64	16	16
0	0	288	64	16	16
0	0	304	64	16	16
0	0	320	64	16	16
0	0	336	64	16	16
0	0	352	64	16	16
0	0	368	64	16	16
0	0	384	64	16	16
0	0	400	64	16	16
0	0	416	64	16	16
0	0	432	64	16	16
0	0	448	64	16	16
0	0	464	64	16	16
0	0	480	64	16	16
0	0	496	64	16	16
0	0	512	64	16	16
0	0	528	64	16	16
0	0	544	64	16	16
0	0	560	64	16	16
0	0	576	64	16	16
0	0	592	64	16	16
0	18	608	64	16	16
0	19	624	64	16	16
0	0	640	64	16	16
0	0	656	64	16	16
0	0	672	64	16	16
0	0	688	64	16	16
0	0	704	64	16	16
0	0	720	64	16	16
0	24	736	64	16	16
0	25	752	64	16	16
0	0	768	64	16	16
0	0	784	64	16	16
0	23	800	64	16	16
0	0	816	64	16	16
0	0	832	64	16	16
0	0	848	64	16	16
0	0	864	64	16	16
0	0	880	64	16	16
0	0	896	64	16	16
0	24	912	64	16	16
0	25	928	64	16	16
0	0	944	64	16	16
0	0	960	64	16	16
0	0	976	64	16	16
0	0	992	64	16	16
0	0	1008	64	16	16
0	0	1024	64	16	16
0	0	1040	64	16	16
0	0	1056	64	16	16
0	0	1072	64	16	16
0	0	1088	64	16	16
0	0	1104	64	16	16
0	0	1120	64	16	16
0	0	1136	64	16	16
0	0	1152	64	16	16
0	0	1168	64	16	16
0	0	1184	64	16	16
0	0	1200	64	16	16
0	0	1216	64	16	16
0	0	1232	64	16	16
0	0	1248	64	16	16
0	0	1264	64	16	16
0	0	1280	64	16	16
0	0	1296	64	16	16
0	0	1312	64	16	16
0	0	1328	64	16	16
0	0	1344	64	16	16
0	0	1360	64	16	16
0	0	1376	64	16	16
0	0	1392	64	16	16
0	0	1408	64	16	16
0	0	1424	64	16	16
0	0	1440	64	16	16
0	0	1456	64	16	16
0	0	1472	64	16	16
0	0	1488	64	16	16
0	0	1504	64	16	16
0	0	1520	64	16	16
0	0	1536	64	16	16
0	0	1552	64	16	16
0	23	1568	64	16	16
0	0	1584	64	16	16
0	0	1600	64	16	16
0	0	1616	64	16	16
0	0	1632	64	16	16
0	0	1648	64	16	16
0	0	1664	64	16	16
0	0	1680	64	16	16
0	0	1696	64	16	16
0	0	1712	64	16	16
0	0	1728	64	16	16
0	0	1744	64	16	16
0	0	1760	64	16	16
0	0	1776	64	16	16
0	0	1792	64	16	16
0	0	1808	64	16	16
0	0	1824	64	16	16
0	0	1840	64	16	16
0	0	1856	64	16	16
0	0	1872	64	16	16
0	0	1888	64	16	16
0	0	1904	64	16	16
0	0	1920	64	16	16
0	0	1936	64	16	16
0	0	1952	64	16	16
0	0	1968	64	16	16
0	0	1984	64	16	16
0	0	2000	64	16	16
0	0	2016	64	16	16
0	0	2032	64	16	16
0	0	2048	64	16	16
0	0	2064	64	16	16
0	0	2080	64	16	16
0	0	2096	64	16	16
0	0	2112	64	16	16
0	0	2128	64	16	16
0	0	2144	64	16	16
0	0	2160	64	16	16
0	14	2176	64	16	16
0	14	2192	64	16	16
0	0	2208	64	16	16
0	0	2224	64	16	16
0	14	2240	64	16	16
0	14	2256	64	16	16
0	0	2272	64	16	16
0	0	2288	64	16	16
0	0	2304	64	16	16
0	0	2320	64	16	16
0	23	2336	64	16	16
0	0	2352	64	16	16
0	0	2368	64	16	16
0	0	2384	64	16	16
0	14	2400	64	16	16
0	14	2416	64	16	16
0	14	2432	64	16	16
0	0	2448	64	16	16
0	0	2464	64	16	16
0	14	2480	64	16	16
0	14	2496	64	16	16
0	0	2512	64	16	16
0	0	2528	64	16	16
0	0	2544	64	16	16
0	0	2560	64	16	16
0	0	2576	64	16	16
0	0	2592	64	16	16
0	0	2608	64	16	16
0	0	2624	64	16	16
0	0	2640	64	16	16
0	0	2656	64	16	16
0	0	2672	64	16	16
0	0	2688	64	16	16
0	0	2704	64	16	16
0	0	2720	64	16	16
0	0	2736	64	16	16
0	0	2752	64	16	16
0	0	2768	64	16	16
0	0	2784	64	16	16
0	0	2800	64	16	16
0	0	2816	64	16	16
0	0	2832	64	16	16
0	0	2848	64	16	16
0	0	2864	64	16	16
0	0	2880	64	16	16
0	0	2896	64	16	16
0	0	2912	64	16	16
0	14	2928	64	16	16
0	14	2944	64	16	16
0	14	2960	64	16	16
0	14	2976	64	16	16
0	14	2992	64	16	16
0	14	3008	64	16	16
0	14	3024	64	16	16
0	0	3040	64	16	16
0	0	3056	64	16	16
0	0	3072	64	16	16
0	0	3088	64	16	16
0	23	3104	64	16	16
0	0	3120	64	16	16
0	0	3136	64	16	16
0	0	3152	64	16	16
0	15	3168	64	16	16
0	0	3184	64	16	16
0	0	3200	64	16	16
0	0	3216	64	16	16
0	17	3232	64	16	16
0	26	3248	64	16	16
0	26	3264	64	16	16
0	26	3280	64	16	16
0	17	3296	64	16	16
0	0	3312	64	16	16
0	6	3328	64	16	16
0	1	3344	64	16	16
0	1	3360	64	16	16
0	1	3376	64	16	16
0	6	3392	64	16	16
0	6	3408	64	16	16
0	6	3424	64	16	16
0	6	3440	64	16	16
0	6	3456	64	16	16
0	6	3472	64	16	16
0	6	3488	64	16	16
0	1	3504	64	16	16
0	1	3520	64	16	16
0	1	3536	64	16	16
0	1	3552	64	16	16
0	7	3568	64	16	16
0	0	0	48	16	16
0	27	16	48	16	16
0	28	32	48	16	16
0	29	48	48	16	16
0	0	64	48	16	16
0	0	80	48	16	16
0	0	96	48	16	16
0	0	112	48	16	16
0	0	128	48	16	16
0	0	144	48	16	16
0	0	160	48	16	16
0	0	176	48	16	16
0	0	192	48	16	16
0	0	208	48	16	16
0	0	224	48	16	16
0	0	240	48	16	16
0	0	256	48	16	16
0	23	272	48	16	16
0	0	288	48	16	16
0	0	304	48	16	16
0	0	320	48	16	16
0	0	336	48	16	16
0	0	352	48	16	16
0	0	368	48	16	16
0	0	384	48	16	16
0	0	400	48	16	16
0	0	416	48	16	16
0	0	432	48	16	16
0	18	448	48	16	16
0	19	464	48	16	16
0	0	480	48	16	16
0	0	496	48	16	16
0	0	512	48	16	16
0	0	528	48	16	16
0	0	544	48	16	16
0	0	560	48	16	16
0	0	576	48	16	16
0	0	592	48	16	16
0	24	608	48	16	16
0	25	624	48	16	16
0	0	640	48	16	16
0	0	656	48	16	16
0	0	672	48	16	16
0	0	688	48	16	16
0	0	704	48	16	16
0	0	720	48	16	16
0	24	736	48	16	16
0	25	752	48	16	16
0	0	768	48	16	16
0	27	784	48	16	16
0	28	800	48	16	16
0	29	816	48	16	16
0	0	832	48	16	16
0	0	848	48	16	16
0	0	864	48	16	16
0	0	880	48	16	16
0	0	896	48	16	16
0	24	912	48	16	16
0	25	928	48	16	16
0	0	944	48	16	16
0	0	960	48	16	16
0	0	976	48	16	16
0	0	992	48	16	16
0	0	1008	48	16	16
0	0	1024	48	16	16
0	23	1040	48	16	16
0	0	1056	48	16	16
0	0	1072	48	16	16
0	0	1088	48	16	16
0	0	1104	48	16	16
0	0	1120	48	16	16
0	0	1136	48	16	16
0	0	1152	48	16	16
0	0	1168	48	16	16
0	0	1184	48	16	16
0	0	1200	48	16	16
0	0	1216	48	16	16
0	0	1232	48	16	16
0	0	1248	48	16	16
0	0	1264	48	16	16
0	0	1280	48	16	16
0	0	1296	48	16	16
0	0	1312	48	16	16
0	0	1328	48	16	16
0	0	1344	48	16	16
0	0	1360	48	16	16
0	0	1376	48	16	16
0	0	1392	48	16	16
0	0	1408	48	16	16
0	0	1424	48	16	16
0	0	1440	48	16	16
0	0	1456	48	16	16
0	0	1472	48	16	16
0	0	1488	48	16	16
0	0	1504	48	16	16
0	0	1520	48	16	16
0	0	1536	48	16	16
0	27	1552	48	16	16
0	28	1568	48	16	16
0	29	1584	48	16	16
0	0	1600	48	16	16
0	0	1616	48	16	16
0	0	1632	48	16	16
0	0	1648	48	16	16
0	0	1664	48	16	16
0	0	1680	48	16	16
0	0	1696	48	16	16
0	0	1712	48	16	16
0	0	1728	48	16	16
0	0	1744	48	16	16
0	0	1760	48	16	16
0	0	1776	48	16	16
0	0	1792	48	16	16
0	23	1808	48	16	16
0	0	1824	48	16	16
0	0	1840	48	16	16
0	0	1856	48	16	16
0	0	1872	48	16	16
0	0	1888	48	16	16
0	0	1904	48	16	16
0	0	1920	48	16	16
0	0	1936	48	16	16
0	0	1952	48	16	16
0	0	1968	48	16	16
0	0	1984	48	16	16
0	0	2000	48	16	16
0	0	2016	48	16	16
0	0	2032	48	16	16
0	0	2048	48	16	16
0	0	2064	48	16	16
0	0	2080	48	16	16
0	0	2096	48	16	16
0	0	2112	48	16	16
0	0	2128	48	16	16
0	0	2144	48	16	16
0	14	2160	48	16	16
0	14	2176	48	16	16
0	14	2192	48	16	16
0	0	2208	48	16	16
0	0	2224	48	16	16
0	14	2240	48	16	16
0	14	2256	48	16	16
0	14	2272	48	16	16
0	0	2288	48	16	16
0	0	2304	48	16	16
0	27	2320	48	16	16
0	28	2336	48	16	16
0	29	2352	48	16	16
0	0	2368	48	16	16
0	14	2384	48	16	16
0	14	2400	48	16	16
0	14	2416	48	16	16
0	14	2432	48	16	16
0	0	2448	48	16	16
0	0	2464	48	16	16
0	14	2480	48	16	16
0	14	2496	48	16	16
0	14	2512	48	16	16
0	0	2528	48	16	16
0	0	2544	48	16	16
0	0	2560	48	16	16
0	23	2576	48	16	16
0	0	2592	48	16	16
0	18	2608	48	16	16
0	19	2624	48	16	16
0	0	2640	48	16	16
0	0	2656	48	16	16
0	0	2672	48	16	16
0	0	2688	48	16	16
0	0	2704	48	16	16
0	0	2720	48	16	16
0	0	2736	48	16	16
0	0	2752	48	16	16
0	0	2768	48	16	16
0	0	2784	48	16	16
0	0	2800	48	16	16
0	0	2816	48	16	16
0	0	2832	48	16	16
0	0	2848	48	16	16
0	18	2864	48	16	16
0	19	2880	48	16	16
0	0	2896	48	16	16
0	14	2912	48	16	16
0	14	2928	48	16	16
0	14	2944	48	16	16
0	14	2960	48	16	16
0	14	2976	48	16	16
0	14	2992	48	16	16
0	14	3008	48	16	16
0	14	3024	48	16	16
0	0	3040	48	16	16
0	0	3056	48	16	16
0	0	3072	48	16	16
0	27	3088	48	16	16
0	28	3104	48	16	16
0	29	3120	48	16	16
0	0	3136	48	16	16
0	0	3152	48	16	16
0	15	3168	48	16	16
0	0	3184	48	16	16
0	0	3200	48	16	16
0	0	3216	48	16	16
0	21	3232	48	16	16
0	21	3248	48	16	16
0	30	3264	48	16	16
0	21	3280	48	16	16
0	21	3296	48	16	16
0	0	3312	48	16	16
0	6	3328	48	16	16
0	1	3344	48	16	16
0	1	3360	48	16	16
0	1	3376	48	16	16
0	6	3392	48	16	16
0	6	3408	48	16	16
0	6	3424	48	16	16
0	6	3440	48	16	16
0	6	3456	48	16	16
0	6	3472	48	16	16
0	6	3488	48	16	16
0	1	3504	48	16	16
0	1	3520	48	16	16
0	31	3536	48	16	16
0	32	3552	48	16	16
0	33	3568	48	16	16
0	27	0	32	16	16
0	28	16	32	16	16
0	34	32	32	16	16
0	35	48	32	16	16
0	29	64	32	16	16
0	0	80	32	16	16
0	0	96	32	16	16
0	0	112	32	16	16
0	0	128	32	16	16
0	0	144	32	16	16
0	0	160	32	16	16
0	36	176	32	16	16
0	37	192	32	16	16
0	37	208	32	16	16
0	37	224	32	16	16
0	38	240	32	16	16
0	27	256	32	16	16
0	28	272	32	16	16
0	29	288	32	16	16
0	0	304	32	16	16
0	0	320	32	16	16
0	0	336	32	16	16
0	0	352	32	16	16
0	36	368	32	16	16
0	37	384	32	16	16
0	38	400	32	16	16
0	0	416	32	16	16
0	0	432	32	16	16
0	24	448	32	16	16
0	25	464	32	16	16
0	0	480	32	16	16
0	0	496	32	16	16
0	0	512	32	16	16
0	0	528	32	16	16
0	0	544	32	16	16
0	0	560	32	16	16
0	0	576	32	16	16
0	0	592	32	16	16
0	24	608	32	16	16
0	25	624	32	16	16
0	0	640	32	16	16
0	36	656	32	16	16
0	37	672	32	16	16
0	37	688	32	16	16
0	38	704	32	16	16
0	0	720	32	16	16
0	24	736	32	16	16
0	25	752	32	16	16
0	27	768	32	16	16
0	28	784	32	16	16
0	34	800	32	16	16
0	35	816	32	16	16
0	29	832	32	16	16
0	0	848	32	16	16
0	0	864	32	16	16
0	0	880	32	16	16
0	0	896	32	16	16
0	24	912	32	16	16
0	25	928	32	16	16
0	36	944	32	16	16
0	37	960	32	16	16
0	37	976	32	16	16
0	37	992	32	16	16
0	38	1008	32	16	16
0	27	1024	32	16	16
0	28	1040	32	16	16
0	29	1056	32	16	16
0	0	1072	32	16	16
0	0	1088	32	16	16
0	0	1104	32	16	16
0	0	1120	32	16	16
0	36	1136	32	16	16
0	37	1152	32	16	16
0	38	1168	32	16	16
0	0	1184	32	16	16
0	0	1200	32	16	16
0	0	1216	32	16	16
0	0	1232	32	16	16
0	0	1248	32	16	16
0	0	1264	32	16	16
0	0	1280	32	16	16
0	0	1296	32	16	16
0	0	1312	32	16	16
0	0	1328	32	16	16
0	0	1344	32	16	16
0	0	1360	32	16	16
0	0	1376	32	16	16
0	0	1392	32	16	16
0	0	1408	32	16	16
0	36	1424	32	16	16
0	37	1440	32	16	16
0	37	1456	32	16	16
0	38	1472	32	16	16
0	0	1488	32	16	16
0	0	1504	32	16	16
0	0	1520	32	16	16
0	27	1536	32	16	16
0	28	1552	32	16	16
0	34	1568	32	16	16
0	35	1584	32	16	16
0	29	1600	32	16	16
0	0	1616	32	16	16
0	0	1632	32	16	16
0	0	1648	32	16	16
0	0	1664	32	16	16
0	0	1680	32	16	16
0	0	1696	32	16	16
0	36	1712	32	16	16
0	37	1728	32	16	16
0	37	1744	32	16	16
0	37	1760	32	16	16
0	38	1776	32	16	16
0	27	1792	32	16	16
0	28	1808	32	16	16
0	29	1824	32	16	16
0	0	1840	32	16	16
0	0	1856	32	16	16
0	0	1872	32	16	16
0	0	1888	32	16	16
0	36	1904	32	16	16
0	37	1920	32	16	16
0	38	1936	32	16	16
0	0	1952	32	16	16
0	0	1968	32	16	16
0	0	1984	32	16	16
0	0	2000	32	16	16
0	0	2016	32	16	16
0	0	2032	32	16	16
0	0	2048	32	16	16
0	0	2064	32	16	16
0	0	2080	32	16	16
0	0	2096	32	16	16
0	0	2112	32	16	16
0	0	2128	32	16	16
0	14	2144	32	16	16
0	14	2160	32	16	16
0	14	2176	32	16	16
0	14	2192	32	16	16
0	37	2208	32	16	16
0	37	2224	32	16	16
0	14	2240	32	16	16
0	14	2256	32	16	16
0	14	2272	32	16	16
0	14	2288	32	16	16
0	27	2304	32	16	16
0	28	2320	32	16	16
0	34	2336	32	16	16
0	35	2352	32	16	16
0	14	2368	32	16	16
0	14	2384	32	16	16
0	14	2400	32	16	16
0	14	2416	32	16	16
0	14	2432	32	16	16
0	0	2448	32	16	16
0	0	2464	32	16	16
0	14	2480	32	16	16
0	14	2496	32	16	16
0	14	2512	32	16	16
0	14	2528	32	16	16
0	38	2544	32	16	16
0	27	2560	32	16	16
0	28	2576	32	16	16
0	29	2592	32	16	16
0	24	2608	32	16	16
0	25	2624	32	16	16
0	0	2640	32	16	16
0	0	2656	32	16	16
0	36	2672	32	16	16
0	37	2688	32	16	16
0	38	2704	32	16	16
0	0	2720	32	16	16
0	0	2736	32	16	16
0	0	2752	32	16	16
0	0	2768	32	16	16
0	0	2784	32	16	16
0	0	2800	32	16	16
0	0	2816	32	16	16
0	0	2832	32	16	16
0	0	2848	32	16	16
0	24	2864	32	16	16
0	25	2880	32	16	16
0	14	2896	32	16	16
0	14	2912	32	16	16
0	14	2928	32	16	16
0	14	2944	32	16	16
0	14	2960	32	16	16
0	14	2976	32	16	16
0	14	2992	32	16	16
0	14	3008	32	16	16
0	14	3024	32	16	16
0	0	3040	32	16	16
0	0	3056	32	16	16
0	27	3072	32	16	16
0	28	3088	32	16	16
0	34	3104	32	16	16
0	35	3120	32	16	16
0	29	3136	32	16	16
0	0	3152	32	16	16
0	14	3168	32	16	16
0	0	3184	32	16	16
0	0	3200	32	16	16
0	0	3216	32	16	16
0	21	3232	32	16	16
0	21	3248	32	16	16
0	1	3264	32	16	16
0	21	3280	32	16	16
0	21	3296	32	16	16
0	38	3312	32	16	16
0	6	3328	32	16	16
0	1	3344	32	16	16
0	1	3360	32	16	16
0	1	3376	32	16	16
0	6	3392	32	16	16
0	6	3408	32	16	16
0	6	3424	32	16	16
0	6	3440	32	16	16
0	6	3456	32	16	16
0	6	3472	32	16	16
0	6	3488	32	16	16
0	1	3504	32	16	16
0	1	3520	32	16	16
0	39	3536	32	16	16
0	40	3552	32	16	16
0	41	3568	32	16	16
0	42	0	16	16	16
0	42	16	16	16	16
0	42	32	16	16	16
0	42	48	16	16	16
0	42	64	16	16	16
0	42	80	16	16	16
0	42	96	16	16	16
0	42	112	16	16	16
0	42	128	16	16	16
0	42	144	16	16	16
0	42	160	16	16	16
0	42	176	16	16	16
0	42	192	16	16	16
0	42	208	16	16	16
0	42	224	16	16	16
0	42	240	16	16	16
0	42	256	16	16	16
0	42	272	16	16	16
0	42	288	16	16	16
0	42	304	16	16	16
0	42	320	16	16	16
0	42	336	16	16	16
0	42	352	16	16	16
0	42	368	16	16	16
0	42	384	16	16	16
0	42	400	16	16	16
0	42	416	16	16	16
0	42	432	16	16	16
0	42	448	16	16	16
0	42	464	16	16	16
0	42	480	16	16	16
0	42	496	16	16	16
0	42	512	16	16	16
0	42	528	16	16	16
0	42	544	16	16	16
0	42	560	16	16	16
0	42	576	16	16	16
0	42	592	16	16	16
0	42	608	16	16	16
0	42	624	16	16	16
0	42	640	16	16	16
0	42	656	16	16	16
0	42	672	16	16	16
0	42	688	16	16	16
0	42	704	16	16	16
0	42	720	16	16	16
0	42	736	16	16	16
0	42	752	16	16	16
0	42	768	16	16	16
0	42	784	16	16	16
0	42	800	16	16	16
0	42	816	16	16	16
0	42	832	16	16	16
0	42	848	16	16	16
0	42	864	16	16	16
0	42	880	16	16	16
0	42	896	16	16	16
0	42	912	16	16	16
0	42	928	16	16	16
0	42	944	16	16	16
0	42	960	16	16	16
0	42	976	16	16	16
0	42	992	16	16	16
0	42	1008	16	16	16
0	42	1024	16	16	16
0	42	1040	16	16	16
0	42	1056	16	16	16
0	42	1072	16	16	16
0	42	1088	16	16	16
0	0	1104	16	16	16
0	0	1120	16	16	16
0	42	1136	16	16	16
0	42	1152	16	16	16
0	42	1168	16	16	16
0	42	1184	16	16	16
0	42	1200	16	16	16
0	42	1216	16	16	16
0	42	1232	16	16	16
0	42	1248	16	16	16
0	42	1264	16	16	16
0	42	1280	16	16	16
0	42	1296	16	16	16
0	42	1312	16	16	16
0	42	1328	16	16	16
0	42	1344	16	16	16
0	42	1360	16	16	16
0	0	1376	16	16	16
0	0	1392	16	16	16
0	0	1408	16	16	16
0	42	1424	16	16	16
0	42	1440	16	16	16
0	42	1456	16	16	16
0	42	1472	16	16	16
0	42	1488	16	16	16
0	42	1504	16	16	16
0	42	1520	16	16	16
0	42	1536	16	16	16
0	42	1552	16	16	16
0	42	1568	16	16	16
0	42	1584	16	16	16
0	42	1600	16	16	16
0	42	1616	16	16	16
0	42	1632	16	16	16
0	42	1648	16	16	16
0	42	1664	16	16	16
0	42	1680	16	16	16
0	42	1696	16	16	16
0	42	1712	16	16	16
0	42	1728	16	16	16
0	42	1744	16	16	16
0	42	1760	16	16	16
0	42	1776	16	16	16
0	42	1792	16	16	16
0	42	1808	16	16	16
0	42	1824	16	16	16
0	42	1840	16	16	16
0	42	1856	16	16	16
0	42	1872	16	16	16
0	42	1888	16	16	16
0	42	1904	16	16	16
0	42	1920	16	16	16
0	42	1936	16	16	16
0	42	1952	16	16	16
0	42	1968	16	16	16
0	42	1984	16	16	16
0	42	2000	16	16	16
0	42	2016	16	16	16
0	42	2032	16	16	16
0	42	2048	16	16	16
0	42	2064	16	16	16
0	42	2080	16	16	16
0	42	2096	16	16	16
0	42	2112	16	16	16
0	42	2128	16	16	16
0	42	2144	16	16	16
0	42	2160	16	16	16
0	42	2176	16	16	16
0	42	2192	16	16	16
0	42	2208	16	16	16
0	42	2224	16	16	16
0	42	2240	16	16	16
0	42	2256	16	16	16
0	42	2272	16	16	16
0	42	2288	16	16	16
0	42	2304	16	16	16
0	42	2320	16	16	16
0	42	2336	16	16	16
0	42	2352	16	16	16
0	42	2368	16	16	16
0	42	2384	16	16	16
0	42	2400	16	16	16
0	42	2416	16	16	16
0	42	2432	16	16	16
0	0	2448	16	16	16
0	0	2464	16	16	16
0	42	2480	16	16	16
0	42	2496	16	16	16
0	42	2512	16	16	16
0	42	2528	16	16	16
0	42	2544	16	16	16
0	42	2560	16	16	16
0	42	2576	16	16	16
0	42	2592	16	16	16
0	42	2608	16	16	16
0	42	2624	16	16	16
0	42	2640	16	16	16
0	42	2656	16	16	16
0	42	2672	16	16	16
0	42	2688	16	16	16
0	42	2704	16	16	16
0	42	2720	16	16	16
0	42	2736	16	16	16
0	42	2752	16	16	16
0	42	2768	16	16	16
0	42	2784	16	16	16
0	42	2800	16	16	16
0	42	2816	16	16	16
0	42	2832	16	16	16
0	42	2848	16	16	16
0	42	2864	16	16	16
0	42	2880	16	16	16
0	42	2896	16	16	16
0	42	2912	16	16	16
0	42	2928	16	16	16
0	42	2944	16	16	16
0	42	2960	16	16	16
0	42	2976	16	16	16
0	42	2992	16	16	16
0	42	3008	16	16	16
0	42	3024	16	16	16
0	42	3040	16	16	16
0	42	3056	16	16	16
0	42	3072	16	16	16
0	42	3088	16	16	16
0	42	3104	16	16	16
0	42	3120	16	16	16
0	42	3136	16	16	16
0	42	3152	16	16	16
0	42	3168	16	16	16
0	42	3184	16	16	16
0	42	3200	16	16	16
0	42	3216	16	16	16
0	42	3232	16	16	16
0	42	3248	16	16	16
0	42	3264	16	16	16
0	42	3280	16	16	16
0	42	3296	16	16	16
0	42	3312	16	16	16
0	43	3328	16	16	16
0	43	3344	16	16	16
0	43	3360	16	16	16
0	43	3376	16	16	16
0	43	3392	16	16	16
0	43	3408	16	16	16
0	43	3424	16	16	16
0	43	3440	16	16	16
0	43	3456	16	16	16
0	43	3472	16	16	16
0	43	3488	16	16	16
0	43	3504	16	16	16
0	43	3520	16	16	16
0	43	3536	16	16	16
0	43	3552	16	16	16
0	43	3568	16	16	16
0	42	0	0	16	16
0	42	16	0	16	16
0	42	32	0	16	16
0	42	48	0	16	16
0	42	64	0	16	16
0	42	80	0	16	16
0	42	96	0	16	16
0	42	112	0	16	16
0	42	128	0	16	16
0	42	144	0	16	16
0	42	160	0	16	16
0	42	176	0	16	16
0	42	192	0	16	16
0	42	208	0	16	16
0	42	224	0	16	16
0	42	240	0	16	16
0	42	256	0	16	16
0	42	272	0	16	16
0	42	288	0	16	16
0	42	304	0	16	16
0	42	320	0	16	16
0	42	336	0	16	16
0	42	352	0	16	16
0	42	368	0	16	16
0	42	384	0	16	16
0	42	400	0	16	16
0	42	416	0	16	16
0	42	432	0	16	16
0	42	448	0	16	16
0	42	464	0	16	16
0	42	480	0	16	16
0	42	496	0	16	16
0	42	512	0	16	16
0	42	528	0	16	16
0	42	544	0	16	16
0	42	560	0	16	16
0	42	576	0	16	16
0	42	592	0	16	16
0	42	608	0	16	16
0	42	624	0	16	16
0	42	640	0	16	16
0	42	656	0	16	16
0	42	672	0	16	16
0	42	688	0	16	16
0	42	704	0	16	16
0	42	720	0	16	16
0	42	736	0	16	16
0	42	752	0	16	16
0	42	768	0	16	16
0	42	784	0	16	16
0	42	800	0	16	16
0	42	816	0	16	16
0	42	832	0	16	16
0	42	848	0	16	16
0	42	864	0	16	16
0	42	880	0	16	16
0	42	896	0	16	16
0	42	912	0	16	16
0	42	928	0	16	16
0	42	944	0	16	16
0	42	960	0	16	16
0	42	976	0	16	16
0	42	992	0	16	16
0	42	1008	0	16	16
0	42	1024	0	16	16
0	42	1040	0	16	16
0	42	1056	0	16	16
0	42	1072	0	16	16
0	42	1088	0	16	16
0	0	1104	0	16	16
0	0	1120	0	16	16
0	42	1136	0	16	16
0	42	1152	0	16	16
0	42	1168	0	16	16
0	42	1184	0	16	16
0	42	1200	0	16	16
0	42	1216	0	16	16
0	42	1232	0	16	16
0	42	1248	0	16	16
0	42	1264	0	16	16
0	42	1280	0	16	16
0	42	1296	0	16	16
0	42	1312	0	16	16
0	42	1328	0	16	16
0	42	1344	0	16	16
0	42	1360	0	16	16
0	0	1376	0	16	16
0	0	1392	0	16	16
0	0	1408	0	16	16
0	42	1424	0	16	16
0	42	1440	0	16	16
0	42	1456	0	16	16
0	42	1472	0	16	16
0	42	1488	0	16	16
0	42	1504	0	16	16
0	42	1520	0	16	16
0	42	1536	0	16	16
0	42	1552	0	16	16
0	42	1568	0	16	16
0	42	1584	0	16	16
0	42	1600	0	16	16
0	42	1616	0	16	16
0	42	1632	0	16	16
0	42	1648	0	16	16
0	42	1664	0	16	16
0	42	1680	0	16	16
0	42	1696	0	16	16
0	42	1712	0	16	16
0	42	1728	0	16	16
0	42	1744	0	16	16
0	42	1760	0	16	16
0	42	1776	0	16	16
0	42	1792	0	16	16
0	42	1808	0	16	16
0	42	1824	0	16	16
0	42	1840	0	16	16
0	42	1856	0	16	16
0	42	1872	0	16	16
0	42	1888	0	16	16
0	42	1904	0	16	16
0	42	1920	0	16	16
0	42	1936	0	16	16
0	42	1952	0	16	16
0	42	1968	0	16	16
0	42	1984	0	16	16
0	42	2000	0	16	16
0	42	2016	0	16	16
0	42	2032	0	16	16
0	42	2048	0	16	16
0	42	2064	0	16	16
0	42	2080	0	16	16
0	42	2096	0	16	16
0	42	2112	0	16	16
0	42	2128	0	16	16
0	42	2144	0	16	16
0	42	2160	0	16	16
0	42	2176	0	16	16
0	42	2192	0	16	16
0	42	2208	0	16	16
0	42	2224	0	16	16
0	42	2240	0	16	16
0	42	2256	0	16	16
0	42	2272	0	16	16
0	42	2288	0	16	16
0	42	2304	0	16	16
0	42	2320	0	16	16
0	42	2336	0	16	16
0	42	2352	0	16	16
0	42	2368	0	16	16
0	42	2384	0	16	16
0	42	2400	0	16	16
0	42	2416	0	16	16
0	42	2432	0	16	16
0	0	2448	0	16	16
0	0	2464	0	16	16
0	42	2480	0	16	16
0	42	2496	0	16	16
0	42	2512	0	16	16
0	42	2528	0	16	16
0	42	2544	0	16	16
0	42	2560	0	16	16
0	42	2576	0	16	16
0	42	2592	0	16	16
0	42	2608	0	16	16
0	42	2624	0	16	16
0	42	2640	0	16	16
0	42	2656	0	16	16
0	42	2672	0	16	16
0	42	2688	0	16	16
0	42	2704	0	16	16
0	42	2720	0	16	16
0	42	2736	0	16	16
0	42	2752	0	16	16
0	42	2768	0	16	16
0	42	2784	0	16	16
0	42	2800	0	16	16
0	42	2816	0	16	16
0	42	2832	0	16	16
0	42	2848	0	16	16
0	42	2864	0	16	16
0	42	2880	0	16	16
0	42	2896	0	16	16
0	42	2912	0	16	16
0	42	2928	0	16	16
0	42	2944	0	16	16
0	42	2960	0	16	16
0	42	2976	0	16	16
0	42	2992	0	16	16
0	42	3008	0	16	16
0	42	3024	0	16	16
0	42	3040	0	16	16
0	42	3056	0	16	16
0	42	3072	0	16	16
0	42	3088	0	16	16
0	42	3104	0	16	16
0	42	3120	0	16	16
0	42	3136	0	16	16
0	42	3152	0	16	16
0	42	3168	0	16	16
0	42	3184	0	16	16
0	42	3200	0	16	16
0	42	3216	0	16	16
0	42	3232	0	16	16
0	42	3248	0	16	16
0	42	3264	0	16	16
0	42	3280	0	16	16
0	42	3296	0	16	16
0	42	3312	0	16	16
0	43	3328	0	16	16
0	43	3344	0	16	16
0	43	3360	0	16	16
0	43	3376	0	16	16
0	43	3392	0	16	16
0	43	3408	0	16	16
0	43	3424	0	16	16
0	43	3440	0	16	16
0	43	3456	0	16	16
0	43	3472	0	16	16
0	43	3488	0	16	16
0	43	3504	0	16	16
0	43	3520	0	16	16
0	43	3536	0	16	16
0	43	3552	0	16	16
0	43	3568	0	16	16
